tag,image_id,gt_nutrient,gt_quantity,gt_unit,gt_context,pred_nutrient,pred_quantity,pred_unit,pred_context,reason
incorrect,1.png,Magnesiumbisglycinat,350,mg,per_daily_dose,Magnesiumbisglycinat,420,mg,per_daily_dose,qty: got 420 expected 350
incorrect,1.png,Magnesiummalat,333,mg,per_daily_dose,Magnesiummalat,400,mg,per_daily_dose,qty: got 400 expected 333
missing,1.png,Magnesium (gesamt),400,mg,per_daily_dose,,,,,nutrient not found in predictions
missing,1.png,Magnesiumsalze der Citronensäure,420,mg,per_daily_dose,,,,,nutrient not found in predictions
incorrect,101.png,Sugars,8.9,g,per_100g,Sugars,0.8,g,per_100g,qty: got 0.8 expected 8.9
incorrect,101.png,Fibre,3.0,g,per_100g,Fibre,<0.1,g,per_100g,qty: got <0.1 expected 3.0
incorrect,101.png,Protein,6.3,g,per_100g,Protein,86.1,g,per_100g,qty: got 86.1 expected 6.3
incorrect,101.png,Salt,0.09,g,per_100g,Salt,8.9,g,per_100g,qty: got 8.9 expected 0.09
incorrect,101.png,Fat,0.8,g,per_100g,Fat,1625,kj,per_100g,qty: got 1625 expected 0.8 | unit: got kj expected g
incorrect,101.png,Saturated Fats,< 0.1,g,per_100g,Saturated Fats,1625,kj,per_100g,qty: got 1625 expected < 0.1 | unit: got kj expected g
incorrect,101.png,Carbohydrate,86.1,g,per_100g,Carbohydrate,383,kcal,per_100g,qty: got 383 expected 86.1 | unit: got kcal expected g
incorrect,101.png,Vitamin B1,0.44,mg,per_100g,Vitamin B1,3.0,g,per_100g,qty: got 3.0 expected 0.44 | unit: got g expected mg
incorrect,101.png,Sodium,36,mg,per_100g,Sodium,6.3,g,per_100g,qty: got 6.3 expected 36 | unit: got g expected mg
missing,101.png,Energy,1625,kJ,per_100g,,,,,nutrient not found in predictions
missing,101.png,Energy,383,kcal,per_100g,,,,,nutrient not found in predictions
incorrect,102.png,Energy,188,kJ,per_serving (1 Riegel* (12.5 g)),Energy,188,kj,per_daily_dose,context: got per_daily_dose expected per_serving (1 Riegel* (12.5 g))
incorrect,102.png,Carbohydrate,63,g,per_100g,Carbohydrate,1.1,g,per_100g,qty: got 1.1 expected 63
incorrect,102.png,Sugars,31,g,per_100g,Sugars,63,g,per_100g,qty: got 63 expected 31
incorrect,102.png,Fibre,5.1,g,per_100g,Fibre,31,g,per_100g,qty: got 31 expected 5.1
incorrect,102.png,Protein,5.9,g,per_100g,Protein,5.1,g,per_100g,qty: got 5.1 expected 5.9
incorrect,102.png,Salt,0.14,g,per_100g,Salt,5.9,g,per_100g,qty: got 5.9 expected 0.14
incorrect,102.png,Carbohydrate,7.9,g,per_serving (1 Riegel* (12.5 g)),Carbohydrate,0.1,g,per_daily_dose,qty: got 0.1 expected 7.9 | context: got per_daily_dose expected per_serving (1 Riegel* (12.5 g))
incorrect,102.png,Sugars,3.9,g,per_serving (1 Riegel* (12.5 g)),Sugars,7.9,g,per_daily_dose,qty: got 7.9 expected 3.9 | context: got per_daily_dose expected per_serving (1 Riegel* (12.5 g))
incorrect,102.png,Fibre,0.6,g,per_serving (1 Riegel* (12.5 g)),Fibre,3.9,g,per_daily_dose,qty: got 3.9 expected 0.6 | context: got per_daily_dose expected per_serving (1 Riegel* (12.5 g))
incorrect,102.png,Protein,0.7,g,per_serving (1 Riegel* (12.5 g)),Protein,0.6,g,per_daily_dose,qty: got 0.6 expected 0.7 | context: got per_daily_dose expected per_serving (1 Riegel* (12.5 g))
incorrect,102.png,Salt,0.02,g,per_serving (1 Riegel* (12.5 g)),Salt,0.7,g,per_daily_dose,qty: got 0.7 expected 0.02 | context: got per_daily_dose expected per_serving (1 Riegel* (12.5 g))
incorrect,102.png,Fat,7.7,g,per_100g,Fat,356,kcal,per_100g,qty: got 356 expected 7.7 | unit: got kcal expected g
incorrect,102.png,Fat,1.0,g,per_serving (1 Riegel* (12.5 g)),Fat,45,kcal,per_daily_dose,qty: got 45 expected 1.0 | unit: got kcal expected g | context: got per_daily_dose expected per_serving (1 Riegel* (12.5 g))
missing,102.png,Energy,356,kcal,per_100g,,,,,nutrient not found in predictions
missing,102.png,Saturated Fats,1.1,g,per_100g,,,,,nutrient not found in predictions
missing,102.png,Energy,45,kcal,per_serving (1 Riegel* (12.5 g)),,,,,nutrient not found in predictions
missing,102.png,Saturated Fats,0.1,g,per_serving (1 Riegel* (12.5 g)),,,,,nutrient not found in predictions
incorrect,103.jpeg,Fat,3.7,g,per_100g,Fat,12,g,per_serving,qty: got 12 expected 3.7 | context: got per_serving expected per_100g
incorrect,103.jpeg,Sugars,51,g,per_100g,Sugars,39,g,per_serving,qty: got 39 expected 51 | context: got per_serving expected per_100g
incorrect,103.jpeg,Fibre,16,g,per_100g,Fibre,3.7,g,per_100g,qty: got 3.7 expected 16
incorrect,103.jpeg,Protein,7.7,g,per_100g,Protein,0.4,g,per_100g,qty: got 0.4 expected 7.7
incorrect,103.jpeg,Salt,0,g,per_100g,Salt,51,g,per_100g,qty: got 51 expected 0
incorrect,103.jpeg,Saturated Fats,0.4,g,per_100g,Saturated Fats,1383,kcal,per_100g,qty: got 1383 expected 0.4 | unit: got kcal expected g
incorrect,103.jpeg,Carbohydrate,51,g,per_100g,Carbohydrate,328,kcal,per_100g,qty: got 328 expected 51 | unit: got kcal expected g
missing,103.jpeg,Energy,1383,kJ,per_100g,,,,,nutrient not found in predictions
missing,103.jpeg,Energy,328,kcal,per_100g,,,,,nutrient not found in predictions
missing,103.jpeg,Energy,166,kJ,per_serving (pro Port. (12g)),,,,,nutrient not found in predictions
missing,103.jpeg,Energy,39,kcal,per_serving (pro Port. (12g)),,,,,nutrient not found in predictions
missing,103.jpeg,Fat,0.4,g,per_serving (pro Port. (12g)),,,,,nutrient not found in predictions
missing,103.jpeg,Saturated Fats,0,g,per_serving (pro Port. (12g)),,,,,nutrient not found in predictions
missing,103.jpeg,Carbohydrate,6.1,g,per_serving (pro Port. (12g)),,,,,nutrient not found in predictions
missing,103.jpeg,Sugars,6.1,g,per_serving (pro Port. (12g)),,,,,nutrient not found in predictions
missing,103.jpeg,Fibre,1.9,g,per_serving (pro Port. (12g)),,,,,nutrient not found in predictions
missing,103.jpeg,Protein,0.9,g,per_serving (pro Port. (12g)),,,,,nutrient not found in predictions
missing,103.jpeg,Salt,0,g,per_serving (pro Port. (12g)),,,,,nutrient not found in predictions
incorrect,104.jpeg,Carbohydrate,72,g,per_100g,Carbohydrate,51,g,per_serving,qty: got 51 expected 72 | context: got per_serving expected per_100g
incorrect,104.jpeg,Sugars,72,g,per_100g,Sugars,2.6,g,per_100g,qty: got 2.6 expected 72
incorrect,104.jpeg,Fibre,10,g,per_100g,Fibre,60,g,per_serving,qty: got 60 expected 10 | context: got per_serving expected per_100g
incorrect,104.jpeg,Salt,0.1,g,per_100g,Salt,60,g,per_serving,qty: got 60 expected 0.1 | context: got per_serving expected per_100g
incorrect,104.jpeg,Fat,2.6,g,per_100g,Fat,1528,kcal,per_100g,qty: got 1528 expected 2.6 | unit: got kcal expected g
incorrect,104.jpeg,Saturated Fats,0.6,g,per_100g,Saturated Fats,361,kcal,per_100g,qty: got 361 expected 0.6 | unit: got kcal expected g
missing,104.jpeg,Energy,1528,kJ,per_100g,,,,,nutrient not found in predictions
missing,104.jpeg,Energy,361,kcal,per_100g,,,,,nutrient not found in predictions
missing,104.jpeg,Protein,3.2,g,per_100g,,,,,nutrient not found in predictions
missing,104.jpeg,Energy,214,kJ,per_serving (pro Port. (14g)),,,,,nutrient not found in predictions
missing,104.jpeg,Energy,51,kcal,per_serving (pro Port. (14g)),,,,,nutrient not found in predictions
missing,104.jpeg,Fat,0,g,per_serving (pro Port. (14g)),,,,,nutrient not found in predictions
missing,104.jpeg,Saturated Fats,0,g,per_serving (pro Port. (14g)),,,,,nutrient not found in predictions
missing,104.jpeg,Carbohydrate,10,g,per_serving (pro Port. (14g)),,,,,nutrient not found in predictions
missing,104.jpeg,Sugars,10,g,per_serving (pro Port. (14g)),,,,,nutrient not found in predictions
missing,104.jpeg,Fibre,1.4,g,per_serving (pro Port. (14g)),,,,,nutrient not found in predictions
missing,104.jpeg,Protein,0,g,per_serving (pro Port. (14g)),,,,,nutrient not found in predictions
missing,104.jpeg,Salt,0,g,per_serving (pro Port. (14g)),,,,,nutrient not found in predictions
incorrect,105.png,Carbohydrate,52.1,g,per_100g,Carbohydrate,2.7,g,per_100g,qty: got 2.7 expected 52.1
incorrect,105.png,Sugars,51.4,g,per_100g,Sugars,0.4,g,per_100g,qty: got 0.4 expected 51.4
incorrect,105.png,Fibre,15.5,g,per_100g,Fibre,51.4,g,per_100g,qty: got 51.4 expected 15.5
incorrect,105.png,Protein,7.0,g,per_100g,Protein,15.5,g,per_100g,qty: got 15.5 expected 7.0
incorrect,105.png,Salt,0.03,g,per_100g,Salt,7.0,g,per_100g,qty: got 7.0 expected 0.03
incorrect,105.png,Carbohydrate,6.3,g,per_serving (1 Portion* (12 g)),Carbohydrate,0.3,g,per_100g,qty: got 0.3 expected 6.3 | context: got per_100g expected per_serving (1 Portion* (12 g))
incorrect,105.png,Sugars,6.2,g,per_serving (1 Portion* (12 g)),Sugars,0.0,g,per_100g,qty: got 0.0 expected 6.2 | context: got per_100g expected per_serving (1 Portion* (12 g))
incorrect,105.png,Fibre,1.9,g,per_serving (1 Portion* (12 g)),Fibre,6.3,g,per_100g,qty: got 6.3 expected 1.9 | context: got per_100g expected per_serving (1 Portion* (12 g))
incorrect,105.png,Protein,0.8,g,per_serving (1 Portion* (12 g)),Protein,6.2,g,per_100g,qty: got 6.2 expected 0.8 | context: got per_100g expected per_serving (1 Portion* (12 g))
incorrect,105.png,Salt,0.00,g,per_serving (1 Portion* (12 g)),Salt,1.9,g,per_100g,qty: got 1.9 expected 0.00 | context: got per_100g expected per_serving (1 Portion* (12 g))
incorrect,105.png,Fat,2.7,g,per_100g,Fat,1320,kj,per_100g,qty: got 1320 expected 2.7 | unit: got kj expected g
incorrect,105.png,Fat,0.3,g,per_serving (1 Portion* (12 g)),Fat,158,kj,per_100g,qty: got 158 expected 0.3 | unit: got kj expected g | context: got per_100g expected per_serving (1 Portion* (12 g))
missing,105.png,Energy,1320,kJ,per_100g,,,,,nutrient not found in predictions
missing,105.png,Energy,313,kcal,per_100g,,,,,nutrient not found in predictions
missing,105.png,Saturated Fats,0.4,g,per_100g,,,,,nutrient not found in predictions
missing,105.png,Energy,158,kJ,per_serving (1 Portion* (12 g)),,,,,nutrient not found in predictions
missing,105.png,Energy,38,kcal,per_serving (1 Portion* (12 g)),,,,,nutrient not found in predictions
missing,105.png,Saturated Fats,0.0,g,per_serving (1 Portion* (12 g)),,,,,nutrient not found in predictions
incorrect,106.png,Vitamin E,12,mg α-TE,per_serving (Pro Stick),Vitamin E,12,mg a-te,,unit: got mg a-te expected mg α-TE | context: got None expected per_serving (Pro Stick)
incorrect,106.png,Magnesium,250,mg,per_serving (Pro Stick),Magnesium,,,,qty: got None expected 250 | unit: got None expected mg | context: got None expected per_serving (Pro Stick)
missing,107.png,Vitamin B1,1.1,mg,per_daily_dose (1 Tablette (4.3 g)*),,,,,nutrient not found in predictions
missing,107.png,Vitamin B2,1.4,mg,per_daily_dose (1 Tablette (4.3 g)*),,,,,nutrient not found in predictions
missing,107.png,Vitamin B6,1.4,mg,per_daily_dose (1 Tablette (4.3 g)*),,,,,nutrient not found in predictions
missing,107.png,Vitamin B12,2.5,µg,per_daily_dose (1 Tablette (4.3 g)*),,,,,nutrient not found in predictions
missing,107.png,Vitamin C,80,mg,per_daily_dose (1 Tablette (4.3 g)*),,,,,nutrient not found in predictions
missing,107.png,Vitamin E,12,mg α-TE,per_daily_dose (1 Tablette (4.3 g)*),,,,,nutrient not found in predictions
missing,107.png,Niacin,16,mg NE,per_daily_dose (1 Tablette (4.3 g)*),,,,,nutrient not found in predictions
missing,107.png,Biotin,50,µg,per_daily_dose (1 Tablette (4.3 g)*),,,,,nutrient not found in predictions
missing,107.png,Folic Acid,200,µg,per_daily_dose (1 Tablette (4.3 g)*),,,,,nutrient not found in predictions
missing,107.png,Pantothenic Acid,6,mg,per_daily_dose (1 Tablette (4.3 g)*),,,,,nutrient not found in predictions
missing,108.jpeg,Magnesium,240,mg,per_daily_dose (1 Tablette (5.6 g)*),,,,,nutrient not found in predictions
missing,108.jpeg,Vitamin B1,1.1,mg,per_daily_dose (1 Tablette (5.6 g)*),,,,,nutrient not found in predictions
missing,108.jpeg,Vitamin B2,1.4,mg,per_daily_dose (1 Tablette (5.6 g)*),,,,,nutrient not found in predictions
missing,108.jpeg,Vitamin B6,1.4,mg,per_daily_dose (1 Tablette (5.6 g)*),,,,,nutrient not found in predictions
missing,108.jpeg,Vitamin B12,2.5,µg,per_daily_dose (1 Tablette (5.6 g)*),,,,,nutrient not found in predictions
missing,108.jpeg,Vitamin C,80,mg,per_daily_dose (1 Tablette (5.6 g)*),,,,,nutrient not found in predictions
missing,108.jpeg,Vitamin E,12,mg,per_daily_dose (1 Tablette (5.6 g)*),,,,,nutrient not found in predictions
missing,108.jpeg,Niacin,16,mg,per_daily_dose (1 Tablette (5.6 g)*),,,,,nutrient not found in predictions
missing,108.jpeg,Biotin,50,µg,per_daily_dose (1 Tablette (5.6 g)*),,,,,nutrient not found in predictions
missing,108.jpeg,Folic Acid,200,µg,per_daily_dose (1 Tablette (5.6 g)*),,,,,nutrient not found in predictions
missing,108.jpeg,Pantothenic Acid,6.0,mg,per_daily_dose (1 Tablette (5.6 g)*),,,,,nutrient not found in predictions
missing,109.jpeg,Energy,420,kJ,per_100g,,,,,nutrient not found in predictions
missing,109.jpeg,Energy,99,kcal,per_100g,,,,,nutrient not found in predictions
missing,109.jpeg,Fat,0,g,per_100g,,,,,nutrient not found in predictions
missing,109.jpeg,Saturated Fats,0.2,g,per_100g,,,,,nutrient not found in predictions
missing,109.jpeg,Carbohydrate,12.0,g,per_100g,,,,,nutrient not found in predictions
missing,109.jpeg,Sugars,9.8,g,per_100g,,,,,nutrient not found in predictions
missing,109.jpeg,Fibre,1.5,g,per_100g,,,,,nutrient not found in predictions
missing,109.jpeg,Protein,11.0,g,per_100g,,,,,nutrient not found in predictions
missing,109.jpeg,Salt,0.05,g,per_100g,,,,,nutrient not found in predictions
missing,110.jpeg,Melissen Extrakt,15,mg,per_serving (pro Stick),,,,,nutrient not found in predictions
missing,110.jpeg,Niacin,8.0,mg NE,per_serving (pro Stick),,,,,nutrient not found in predictions
missing,110.jpeg,Pantothenic Acid,3.0,mg,per_serving (pro Stick),,,,,nutrient not found in predictions
missing,110.jpeg,Melissen Extrakt,30,mg,per_daily_dose (pro 2 Sticks),,,,,nutrient not found in predictions
missing,110.jpeg,Niacin,16,mg NE,per_daily_dose (pro 2 Sticks),,,,,nutrient not found in predictions
missing,110.jpeg,Pantothenic Acid,6.0,mg,per_daily_dose (pro 2 Sticks),,,,,nutrient not found in predictions
incorrect,111.jpeg,Vitamin B12,17.5,µg,per_daily_dose (1 Tagesdosis (8 ml)),Vitamin B12,17.5,g,1 tagesdosis (8 ml),unit: got g expected µg | context: got 1 tagesdosis (8 ml) expected per_daily_dose (1 Tagesdosis (8 ml))
incorrect,112.jpeg,Vitamin B12,17.5,µg,per_daily_dose (1 Tagesdosis (8 ml)),Vitamin B12,17.5,g,1 tagesdosis (8 ml),unit: got g expected µg | context: got 1 tagesdosis (8 ml) expected per_daily_dose (1 Tagesdosis (8 ml))
missing,113.jpeg,Energy,1546,kJ,per_100g,,,,,nutrient not found in predictions
missing,113.jpeg,Energy,369,kcal,per_100g,,,,,nutrient not found in predictions
missing,113.jpeg,Fat,4.5,g,per_100g,,,,,nutrient not found in predictions
missing,113.jpeg,Saturated Fats,3.1,g,per_100g,,,,,nutrient not found in predictions
missing,113.jpeg,Carbohydrate,7.7,g,per_100g,,,,,nutrient not found in predictions
missing,113.jpeg,Sugars,3.9,g,per_100g,,,,,nutrient not found in predictions
missing,113.jpeg,Fibre,1.9,g,per_100g,,,,,nutrient not found in predictions
missing,113.jpeg,Protein,72.7,g,per_100g,,,,,nutrient not found in predictions
missing,113.jpeg,Salt,0.53,g,per_100g,,,,,nutrient not found in predictions
missing,113.jpeg,Caffeine,267,mg,per_100g,,,,,nutrient not found in predictions
missing,113.jpeg,Energy,464,kJ,per_serving (30 g PULVER IN 250ml WASSER),,,,,nutrient not found in predictions
missing,113.jpeg,Energy,111,kcal,per_serving (30 g PULVER IN 250ml WASSER),,,,,nutrient not found in predictions
missing,113.jpeg,Fat,1.3,g,per_serving (30 g PULVER IN 250ml WASSER),,,,,nutrient not found in predictions
missing,113.jpeg,Saturated Fats,0.9,g,per_serving (30 g PULVER IN 250ml WASSER),,,,,nutrient not found in predictions
missing,113.jpeg,Carbohydrate,2.3,g,per_serving (30 g PULVER IN 250ml WASSER),,,,,nutrient not found in predictions
missing,113.jpeg,Sugars,1.2,g,per_serving (30 g PULVER IN 250ml WASSER),,,,,nutrient not found in predictions
missing,113.jpeg,Fibre,0.6,g,per_serving (30 g PULVER IN 250ml WASSER),,,,,nutrient not found in predictions
missing,113.jpeg,Protein,21.8,g,per_serving (30 g PULVER IN 250ml WASSER),,,,,nutrient not found in predictions
missing,113.jpeg,Salt,0.17,g,per_serving (30 g PULVER IN 250ml WASSER),,,,,nutrient not found in predictions
missing,113.jpeg,Caffeine,80,mg,per_serving (30 g PULVER IN 250ml WASSER),,,,,nutrient not found in predictions
missing,114.jpeg,Energy,1541,kJ,per_100g,,,,,nutrient not found in predictions
missing,114.jpeg,Energy,368,kcal,per_100g,,,,,nutrient not found in predictions
missing,114.jpeg,Fat,4.8,g,per_100g,,,,,nutrient not found in predictions
missing,114.jpeg,Saturated Fats,3.3,g,per_100g,,,,,nutrient not found in predictions
missing,114.jpeg,Carbohydrate,8.8,g,per_100g,,,,,nutrient not found in predictions
missing,114.jpeg,Sugars,4.1,g,per_100g,,,,,nutrient not found in predictions
missing,114.jpeg,Fibre,2.8,g,per_100g,,,,,nutrient not found in predictions
missing,114.jpeg,Protein,70.1,g,per_100g,,,,,nutrient not found in predictions
missing,114.jpeg,Salt,0.51,g,per_100g,,,,,nutrient not found in predictions
missing,114.jpeg,Caffeine,268,mg,per_100g,,,,,nutrient not found in predictions
missing,114.jpeg,Energy,462,kJ,per_serving (30 g PULVER IN 250ml WASSER),,,,,nutrient not found in predictions
missing,114.jpeg,Energy,111,kcal,per_serving (30 g PULVER IN 250ml WASSER),,,,,nutrient not found in predictions
missing,114.jpeg,Fat,1.4,g,per_serving (30 g PULVER IN 250ml WASSER),,,,,nutrient not found in predictions
missing,114.jpeg,Saturated Fats,1.0,g,per_serving (30 g PULVER IN 250ml WASSER),,,,,nutrient not found in predictions
missing,114.jpeg,Carbohydrate,2.6,g,per_serving (30 g PULVER IN 250ml WASSER),,,,,nutrient not found in predictions
missing,114.jpeg,Sugars,1.2,g,per_serving (30 g PULVER IN 250ml WASSER),,,,,nutrient not found in predictions
missing,114.jpeg,Fibre,0.9,g,per_serving (30 g PULVER IN 250ml WASSER),,,,,nutrient not found in predictions
missing,114.jpeg,Protein,21.0,g,per_serving (30 g PULVER IN 250ml WASSER),,,,,nutrient not found in predictions
missing,114.jpeg,Salt,0.17,g,per_serving (30 g PULVER IN 250ml WASSER),,,,,nutrient not found in predictions
missing,114.jpeg,Caffeine,80,mg,per_serving (30 g PULVER IN 250ml WASSER),,,,,nutrient not found in predictions
missing,115.png,Energy,438,kJ,per_100g,,,,,nutrient not found in predictions
missing,115.png,Energy,103,kcal,per_100g,,,,,nutrient not found in predictions
missing,115.png,Fat,0,g,per_100g,,,,,nutrient not found in predictions
missing,115.png,Saturated Fats,0.2,g,per_100g,,,,,nutrient not found in predictions
missing,115.png,Carbohydrate,12.0,g,per_100g,,,,,nutrient not found in predictions
missing,115.png,Sugars,10.0,g,per_100g,,,,,nutrient not found in predictions
missing,115.png,Fibre,1.6,g,per_100g,,,,,nutrient not found in predictions
missing,115.png,Protein,11.0,g,per_100g,,,,,nutrient not found in predictions
missing,115.png,Salt,0.05,g,per_100g,,,,,nutrient not found in predictions
missing,116.jpeg,Energy,1696,kJ,per_100g,,,,,nutrient not found in predictions
missing,116.jpeg,Energy,404,kcal,per_100g,,,,,nutrient not found in predictions
missing,116.jpeg,Fat,12.0,g,per_100g,,,,,nutrient not found in predictions
missing,116.jpeg,Saturated Fats,1.4,g,per_100g,,,,,nutrient not found in predictions
missing,116.jpeg,Carbohydrate,27.0,g,per_100g,,,,,nutrient not found in predictions
missing,116.jpeg,Sugars,4.6,g,per_100g,,,,,nutrient not found in predictions
missing,116.jpeg,Fibre,12.0,g,per_100g,,,,,nutrient not found in predictions
missing,116.jpeg,Protein,41.0,g,per_100g,,,,,nutrient not found in predictions
missing,116.jpeg,Salt,2.02,g,per_100g,,,,,nutrient not found in predictions
missing,116.jpeg,Energy,509,kJ,per_serving (PORTION**),,,,,nutrient not found in predictions
missing,116.jpeg,Energy,121,kcal,per_serving (PORTION**),,,,,nutrient not found in predictions
missing,116.jpeg,Fat,3.5,g,per_serving (PORTION**),,,,,nutrient not found in predictions
missing,116.jpeg,Saturated Fats,0.4,g,per_serving (PORTION**),,,,,nutrient not found in predictions
missing,116.jpeg,Carbohydrate,8.2,g,per_serving (PORTION**),,,,,nutrient not found in predictions
missing,116.jpeg,Sugars,1.4,g,per_serving (PORTION**),,,,,nutrient not found in predictions
missing,116.jpeg,Fibre,3.7,g,per_serving (PORTION**),,,,,nutrient not found in predictions
missing,116.jpeg,Protein,12.0,g,per_serving (PORTION**),,,,,nutrient not found in predictions
missing,116.jpeg,Salt,0.61,g,per_serving (PORTION**),,,,,nutrient not found in predictions
missing,117.jpeg,Energy,728,kJ,per_serving (45 g),,,,,nutrient not found in predictions
missing,117.jpeg,Energy,173,kcal,per_serving (45 g),,,,,nutrient not found in predictions
missing,117.jpeg,Fat,6.1,g,per_serving (45 g),,,,,nutrient not found in predictions
missing,117.jpeg,Saturated Fats,1.5,g,per_serving (45 g),,,,,nutrient not found in predictions
missing,117.jpeg,Carbohydrate,16.7,g,per_serving (45 g),,,,,nutrient not found in predictions
missing,117.jpeg,Sugars,13.5,g,per_serving (45 g),,,,,nutrient not found in predictions
missing,117.jpeg,Fibre,4.0,g,per_serving (45 g),,,,,nutrient not found in predictions
missing,117.jpeg,Protein,11.0,g,per_serving (45 g),,,,,nutrient not found in predictions
missing,117.jpeg,Salt,0.04,g,per_serving (45 g),,,,,nutrient not found in predictions
missing,118.jpeg,Energy,1440,kJ,per_100g,,,,,nutrient not found in predictions
missing,118.jpeg,Energy,344,kcal,per_100g,,,,,nutrient not found in predictions
missing,118.jpeg,Fat,10,g,per_100g,,,,,nutrient not found in predictions
missing,118.jpeg,Saturated Fats,2.6,g,per_100g,,,,,nutrient not found in predictions
missing,118.jpeg,Carbohydrate,48,g,per_100g,,,,,nutrient not found in predictions
missing,118.jpeg,Sugars,4.0,g,per_100g,,,,,nutrient not found in predictions
missing,118.jpeg,Sugar Alcohols,21,g,per_100g,,,,,nutrient not found in predictions
missing,118.jpeg,Fibre,3.0,g,per_100g,,,,,nutrient not found in predictions
missing,118.jpeg,Protein,24,g,per_100g,,,,,nutrient not found in predictions
missing,118.jpeg,Salt,0.70,g,per_100g,,,,,nutrient not found in predictions
missing,118.jpeg,Energy,1152,kJ,per_serving (80 g),,,,,nutrient not found in predictions
missing,118.jpeg,Energy,275,kcal,per_serving (80 g),,,,,nutrient not found in predictions
missing,118.jpeg,Fat,8.0,g,per_serving (80 g),,,,,nutrient not found in predictions
missing,118.jpeg,Saturated Fats,2.1,g,per_serving (80 g),,,,,nutrient not found in predictions
missing,118.jpeg,Carbohydrate,38,g,per_serving (80 g),,,,,nutrient not found in predictions
missing,118.jpeg,Sugars,3.2,g,per_serving (80 g),,,,,nutrient not found in predictions
missing,118.jpeg,Sugar Alcohols,17,g,per_serving (80 g),,,,,nutrient not found in predictions
missing,118.jpeg,Fibre,2.4,g,per_serving (80 g),,,,,nutrient not found in predictions
missing,118.jpeg,Protein,19,g,per_serving (80 g),,,,,nutrient not found in predictions
missing,118.jpeg,Salt,0.56,g,per_serving (80 g),,,,,nutrient not found in predictions
missing,119.jpeg,Energy,1471,kJ,per_100g,,,,,nutrient not found in predictions
missing,119.jpeg,Energy,352,kcal,per_100g,,,,,nutrient not found in predictions
missing,119.jpeg,Fat,11,g,per_100g,,,,,nutrient not found in predictions
missing,119.jpeg,Saturated Fats,3.0,g,per_100g,,,,,nutrient not found in predictions
missing,119.jpeg,Carbohydrate,47,g,per_100g,,,,,nutrient not found in predictions
missing,119.jpeg,Sugars,4.0,g,per_100g,,,,,nutrient not found in predictions
missing,119.jpeg,Sugar Alcohols,21,g,per_100g,,,,,nutrient not found in predictions
missing,119.jpeg,Fibre,4.5,g,per_100g,,,,,nutrient not found in predictions
missing,119.jpeg,Protein,24,g,per_100g,,,,,nutrient not found in predictions
missing,119.jpeg,Salt,0.70,g,per_100g,,,,,nutrient not found in predictions
missing,119.jpeg,Energy,1177,kJ,per_serving (80 g),,,,,nutrient not found in predictions
missing,119.jpeg,Energy,282,kcal,per_serving (80 g),,,,,nutrient not found in predictions
missing,119.jpeg,Fat,8.4,g,per_serving (80 g),,,,,nutrient not found in predictions
missing,119.jpeg,Saturated Fats,2.4,g,per_serving (80 g),,,,,nutrient not found in predictions
missing,119.jpeg,Carbohydrate,38,g,per_serving (80 g),,,,,nutrient not found in predictions
missing,119.jpeg,Sugars,3.2,g,per_serving (80 g),,,,,nutrient not found in predictions
missing,119.jpeg,Sugar Alcohols,17,g,per_serving (80 g),,,,,nutrient not found in predictions
missing,119.jpeg,Fibre,3.6,g,per_serving (80 g),,,,,nutrient not found in predictions
missing,119.jpeg,Protein,19,g,per_serving (80 g),,,,,nutrient not found in predictions
missing,119.jpeg,Salt,0.56,g,per_serving (80 g),,,,,nutrient not found in predictions
incorrect,12.png,Protein,0.0,g,per_serving (60ml),Protein,0.0,g,per_100ml,context: got per_100ml expected per_serving (60ml)
incorrect,12.png,Sugars,1.1,g,per_100ml,Sugars,0.0,g,per_100ml,qty: got 0.0 expected 1.1
incorrect,12.png,Energy,129,kcal,per_100ml,Energy,60,ml,per_serving,qty: got 60 expected 129 | unit: got ml expected kcal | context: got per_serving expected per_100ml
incorrect,12.png,Carbohydrate,32,g,per_100ml,Carbohydrate,129,kcal,per_100ml,qty: got 129 expected 32 | unit: got kcal expected g
incorrect,12.png,Carbohydrate,19,g,per_serving (60ml),Carbohydrate,328,kj,per_serving,qty: got 328 expected 19 | unit: got kj expected g
incorrect,12.png,Sugars,0.7,g,per_serving (60ml),Sugars,77,kcal,per_serving,qty: got 77 expected 0.7 | unit: got kcal expected g
missing,12.png,Fat,0.0,g,per_100ml,,,,,nutrient not found in predictions
missing,12.png,Saturated Fats,0.0,g,per_100ml,,,,,nutrient not found in predictions
missing,12.png,Protein,0.1,g,per_100ml,,,,,nutrient not found in predictions
missing,12.png,Salt,0.6,g,per_100ml,,,,,nutrient not found in predictions
missing,12.png,Energy,328,kJ,per_serving (60ml),,,,,nutrient not found in predictions
missing,12.png,Energy,77,kcal,per_serving (60ml),,,,,nutrient not found in predictions
missing,12.png,Fat,0.0,g,per_serving (60ml),,,,,nutrient not found in predictions
missing,12.png,Saturated Fats,0.0,g,per_serving (60ml),,,,,nutrient not found in predictions
missing,12.png,Salt,0.4,g,per_serving (60ml),,,,,nutrient not found in predictions
missing,120.jpeg,Inositol,100,mg,per_daily_dose (10 G),,,,,nutrient not found in predictions
missing,120.jpeg,Alpha-Liponsäure,42,mg,per_daily_dose (10 G),,,,,nutrient not found in predictions
missing,120.jpeg,Choline,20,mg,per_daily_dose (10 G),,,,,nutrient not found in predictions
missing,120.jpeg,Rutin,20,mg,per_daily_dose (10 G),,,,,nutrient not found in predictions
missing,120.jpeg,Lactobacillus Acidophilus,3.6 x 10^8,KBE,per_daily_dose (10 G),,,,,nutrient not found in predictions
missing,120.jpeg,Bifidobacterium Bifidum,3.6 x 10^8,KBE,per_daily_dose (10 G),,,,,nutrient not found in predictions
missing,120.jpeg,Vitamin C,250,mg,per_daily_dose (10 G),,,,,nutrient not found in predictions
missing,120.jpeg,Niacin,16,mg,per_daily_dose (10 G),,,,,nutrient not found in predictions
missing,120.jpeg,Vitamin E,30,mg,per_daily_dose (10 G),,,,,nutrient not found in predictions
missing,120.jpeg,Pantothenic Acid,5,mg,per_daily_dose (10 G),,,,,nutrient not found in predictions
missing,120.jpeg,Vitamin B6,0.9,mg,per_daily_dose (10 G),,,,,nutrient not found in predictions
missing,120.jpeg,Vitamin B2,1.1,mg,per_daily_dose (10 G),,,,,nutrient not found in predictions
missing,120.jpeg,Vitamin B1,1,mg,per_daily_dose (10 G),,,,,nutrient not found in predictions
missing,120.jpeg,Folic Acid,200,µg,per_daily_dose (10 G),,,,,nutrient not found in predictions
missing,120.jpeg,Biotin,40,µg,per_daily_dose (10 G),,,,,nutrient not found in predictions
missing,120.jpeg,Vitamin B12,4.1,µg,per_daily_dose (10 G),,,,,nutrient not found in predictions
missing,120.jpeg,Vitamin D3,5.2,µg,per_daily_dose (10 G),,,,,nutrient not found in predictions
missing,120.jpeg,Vitamin K,60.4,µg,per_daily_dose (10 G),,,,,nutrient not found in predictions
missing,120.jpeg,Calcium,121,mg,per_daily_dose (10 G),,,,,nutrient not found in predictions
missing,120.jpeg,Zinc,6.5,mg,per_daily_dose (10 G),,,,,nutrient not found in predictions
missing,120.jpeg,Iodine,100,µg,per_daily_dose (10 G),,,,,nutrient not found in predictions
missing,120.jpeg,Selenium,22,µg,per_daily_dose (10 G),,,,,nutrient not found in predictions
missing,120.jpeg,Copper,1,mg,per_daily_dose (10 G),,,,,nutrient not found in predictions
missing,120.jpeg,Manganese,0.4,mg,per_daily_dose (10 G),,,,,nutrient not found in predictions
missing,120.jpeg,Chromium,25,µg,per_daily_dose (10 G),,,,,nutrient not found in predictions
missing,120.jpeg,Molybdenum,45,µg,per_daily_dose (10 G),,,,,nutrient not found in predictions
missing,121.jpeg,Energy,1.401,kJ,per_100g,,,,,nutrient not found in predictions
missing,121.jpeg,Energy,336,kcal,per_100g,,,,,nutrient not found in predictions
missing,121.jpeg,Fat,12,g,per_100g,,,,,nutrient not found in predictions
missing,121.jpeg,Saturated Fats,6.5,g,per_100g,,,,,nutrient not found in predictions
missing,121.jpeg,Carbohydrate,20,g,per_100g,,,,,nutrient not found in predictions
missing,121.jpeg,Sugars,4.9,g,per_100g,,,,,nutrient not found in predictions
missing,121.jpeg,Sugar Alcohols,15,g,per_100g,,,,,nutrient not found in predictions
missing,121.jpeg,Fibre,18,g,per_100g,,,,,nutrient not found in predictions
missing,121.jpeg,Protein,35,g,per_100g,,,,,nutrient not found in predictions
missing,121.jpeg,Salt,0.20,g,per_100g,,,,,nutrient not found in predictions
missing,121.jpeg,Energy,631,kJ,per_serving (45g),,,,,nutrient not found in predictions
missing,121.jpeg,Energy,151,kcal,per_serving (45g),,,,,nutrient not found in predictions
missing,121.jpeg,Fat,5.2,g,per_serving (45g),,,,,nutrient not found in predictions
missing,121.jpeg,Saturated Fats,2.9,g,per_serving (45g),,,,,nutrient not found in predictions
missing,121.jpeg,Carbohydrate,9.1,g,per_serving (45g),,,,,nutrient not found in predictions
missing,121.jpeg,Sugars,2.2,g,per_serving (45g),,,,,nutrient not found in predictions
missing,121.jpeg,Sugar Alcohols,6.7,g,per_serving (45g),,,,,nutrient not found in predictions
missing,121.jpeg,Fibre,7.9,g,per_serving (45g),,,,,nutrient not found in predictions
missing,121.jpeg,Protein,16,g,per_serving (45g),,,,,nutrient not found in predictions
missing,121.jpeg,Salt,0.09,g,per_serving (45g),,,,,nutrient not found in predictions
missing,15.png,Energy,161,kJ,per_100g,,,,,nutrient not found in predictions
missing,15.png,Energy,38,kcal,per_100g,,,,,nutrient not found in predictions
missing,15.png,Fat,0,g,per_100g,,,,,nutrient not found in predictions
missing,15.png,Saturated Fats,0,g,per_100g,,,,,nutrient not found in predictions
missing,15.png,Carbohydrate,13.1,g,per_100g,,,,,nutrient not found in predictions
missing,15.png,Sugars,0.5,g,per_100g,,,,,nutrient not found in predictions
missing,15.png,Protein,0,g,per_100g,,,,,nutrient not found in predictions
missing,15.png,Salt,15.0,g,per_100g,,,,,nutrient not found in predictions
missing,15.png,Sodium,5.952,mg,per_100g,,,,,nutrient not found in predictions
missing,15.png,Potassium,3571,mg,per_100g,,,,,nutrient not found in predictions
missing,15.png,Caffeine,1785,mg,per_100g,,,,,nutrient not found in predictions
missing,15.png,Energy,6.8,kJ,per_serving (4.2 g),,,,,nutrient not found in predictions
missing,15.png,Energy,1.6,kcal,per_serving (4.2 g),,,,,nutrient not found in predictions
missing,15.png,Fat,0,g,per_serving (4.2 g),,,,,nutrient not found in predictions
missing,15.png,Saturated Fats,0,g,per_serving (4.2 g),,,,,nutrient not found in predictions
missing,15.png,Carbohydrate,0.6,g,per_serving (4.2 g),,,,,nutrient not found in predictions
missing,15.png,Sugars,0,g,per_serving (4.2 g),,,,,nutrient not found in predictions
missing,15.png,Protein,0,g,per_serving (4.2 g),,,,,nutrient not found in predictions
missing,15.png,Salt,0.63,g,per_serving (4.2 g),,,,,nutrient not found in predictions
missing,15.png,Sodium,250,mg,per_serving (4.2 g),,,,,nutrient not found in predictions
missing,15.png,Potassium,150,mg,per_serving (4.2 g),,,,,nutrient not found in predictions
missing,15.png,Caffeine,75.0,mg,per_serving (4.2 g),,,,,nutrient not found in predictions
missing,15.png,Energy,13.6,kJ,per_daily_dose (2 x 4.2 g),,,,,nutrient not found in predictions
missing,15.png,Energy,3.2,kcal,per_daily_dose (2 x 4.2 g),,,,,nutrient not found in predictions
missing,15.png,Fat,0,g,per_daily_dose (2 x 4.2 g),,,,,nutrient not found in predictions
missing,15.png,Saturated Fats,0,g,per_daily_dose (2 x 4.2 g),,,,,nutrient not found in predictions
missing,15.png,Carbohydrate,1.1,g,per_daily_dose (2 x 4.2 g),,,,,nutrient not found in predictions
missing,15.png,Sugars,0,g,per_daily_dose (2 x 4.2 g),,,,,nutrient not found in predictions
missing,15.png,Protein,0,g,per_daily_dose (2 x 4.2 g),,,,,nutrient not found in predictions
missing,15.png,Salt,1.26,g,per_daily_dose (2 x 4.2 g),,,,,nutrient not found in predictions
missing,15.png,Sodium,500,mg,per_daily_dose (2 x 4.2 g),,,,,nutrient not found in predictions
missing,15.png,Potassium,300,mg,per_daily_dose (2 x 4.2 g),,,,,nutrient not found in predictions
missing,15.png,Caffeine,150,mg,per_daily_dose (2 x 4.2 g),,,,,nutrient not found in predictions
incorrect,17.png,Niacin,2.4,mg NE,per_serving (piece),Niacin,0.22,mg ne,per_serving,qty: got 0.22 expected 2.4
incorrect,17.png,Vitamin B6,0.22,mg,per_serving (piece),Vitamin B6,0.38,mg,per_serving,qty: got 0.38 expected 0.22
incorrect,17.png,Vitamin B12,0.38,µg,per_serving (piece),Vitamin B12,,,per_serving,qty: got None expected 0.38 | unit: got None expected µg
incorrect,2.png,Energy,1195,kJ,per_100g,Energy,1195,g,per_100g,unit: got g expected kJ
incorrect,2.png,Energy,837,kJ,per_serving (1 Tube (70g)),Energy,837,g,per_daily_dose,unit: got g expected kJ | context: got per_daily_dose expected per_serving (1 Tube (70g))
incorrect,2.png,Fat,0,g,per_100g,Fat,1616,g,per_100g,qty: got 1616 expected 0
incorrect,2.png,Saturated Fats,0,g,per_100g,Saturated Fats,70,g,per_100g,qty: got 70 expected 0
incorrect,2.png,Carbohydrate,70,g,per_100g,Carbohydrate,0,g,per_100g,qty: got 0 expected 70
incorrect,2.png,Sugars,33,g,per_100g,Sugars,0.43,g,per_100g,qty: got 0.43 expected 33
incorrect,2.png,Saturated Fats,0,g,per_serving (1 Tube (70g)),Saturated Fats,50,g,per_daily_dose,qty: got 50 expected 0 | context: got per_daily_dose expected per_serving (1 Tube (70g))
incorrect,2.png,Sugars,25,g,per_serving (1 Tube (70g)),Sugars,0.30,g,per_daily_dose,qty: got 0.30 expected 25 | context: got per_daily_dose expected per_serving (1 Tube (70g))
incorrect,2.png,Protein,0,g,per_100g,Protein,,,per_100g,qty: got None expected 0 | unit: got None expected g
incorrect,2.png,Salt,0.43,g,per_100g,Salt,,,per_100g,qty: got None expected 0.43 | unit: got None expected g
incorrect,2.png,Fat,0,g,per_serving (1 Tube (70g)),Saturated Fats,33,g,per_100g,nutrient: no match | qty: got 33 expected 0 | context: got per_100g expected per_serving (1 Tube (70g))
missing,2.png,Energy,281,kcal,per_100g,,,,,nutrient not found in predictions
missing,2.png,Energy,197,kcal,per_serving (1 Tube (70g)),,,,,nutrient not found in predictions
missing,2.png,Carbohydrate,50,g,per_serving (1 Tube (70g)),,,,,nutrient not found in predictions
missing,2.png,Protein,0,g,per_serving (1 Tube (70g)),,,,,nutrient not found in predictions
missing,2.png,Salt,0.30,g,per_serving (1 Tube (70g)),,,,,nutrient not found in predictions
incorrect,20.png,Carbohydrate,78.1,g,per_100g (100 g Pulver),Carbohydrate,<0.1,g,per_100g,qty: got <0.1 expected 78.1
incorrect,20.png,Calcium,800,mg,per_100g (100 g Pulver),Calcium,667,mg,per_100g,qty: got 667 expected 800
incorrect,20.png,Magnesium,300,mg,per_100g (100 g Pulver),Magnesium,667,mg,per_100g,qty: got 667 expected 300
incorrect,20.png,Chloride,667,mg,per_100g (100 g Pulver),Chloride,800,mg,per_100g,qty: got 800 expected 667
incorrect,20.png,Phosphorus,800,mg,per_100g (100 g Pulver),Phosphorus,300,mg,per_100g,qty: got 300 expected 800
incorrect,20.png,Caffeine,250,mg,per_100g (100 g Pulver),Caffeine,800,mg,per_100g,qty: got 800 expected 250
incorrect,20.png,Vitamin B6,13.3,mg,per_100g (100 g Pulver),Vitamin B6,40,mg,per_100g,qty: got 40 expected 13.3
incorrect,20.png,Vitamin B1,9.3,mg,per_100g (100 g Pulver),Vitamin B1,13.3,mg,per_100g,qty: got 13.3 expected 9.3
incorrect,20.png,Calcium,120,mg,per_daily_dose (1 Portion = 15 g),Calcium,100,mg,per_daily_dose,qty: got 100 expected 120
incorrect,20.png,Magnesium,45,mg,per_daily_dose (1 Portion = 15 g),Magnesium,58,mg,per_daily_dose,qty: got 58 expected 45
incorrect,20.png,Chloride,120,mg,per_daily_dose (1 Portion = 15 g),Chloride,100,mg,per_daily_dose,qty: got 100 expected 120
incorrect,20.png,Caffeine,37.5,mg,per_daily_dose (1 Portion = 15 g),Caffeine,756,mg,per_daily_dose,qty: got 756 expected 37.5
incorrect,20.png,Sodium,667,mg,per_100g (100 g Pulver),Sodium,78.1,g,per_100g,qty: got 78.1 expected 667 | unit: got g expected mg
incorrect,20.png,Potassium,667,mg,per_100g (100 g Pulver),Potassium,<0.5,g,per_100g,qty: got <0.5 expected 667 | unit: got g expected mg
incorrect,20.png,Selenium,200,µg,per_100g (100 g Pulver),Selenium,667,mg,per_100g,qty: got 667 expected 200 | unit: got mg expected µg
incorrect,20.png,Vitamin C,800,mg,per_100g (100 g Pulver),Vitamin C,200,g,per_100g,qty: got 200 expected 800 | unit: got g expected mg
incorrect,20.png,Niacin,240,mg NE,per_100g (100 g Pulver),Niacin,250,mg,per_100g,qty: got 250 expected 240 | unit: got mg expected mg NE
incorrect,20.png,Vitamin E,67,mg α-TE,per_100g (100 g Pulver),Vitamin E,800,mg,per_100g,qty: got 800 expected 67 | unit: got mg expected mg α-TE
incorrect,20.png,Pantothenic Acid,40,mg,per_100g (100 g Pulver),Pantothenic Acid,240,mg ne,per_100g,qty: got 240 expected 40 | unit: got mg ne expected mg
incorrect,20.png,Folic Acid,1333,µg,per_100g (100 g Pulver),Folic Acid,9.3,mg,per_100g,qty: got 9.3 expected 1333 | unit: got mg expected µg
incorrect,20.png,Vitamin B12,6.7,µg,per_100g (100 g Pulver),Vitamin B12,1333,g,per_100g,qty: got 1333 expected 6.7 | unit: got g expected µg
incorrect,20.png,Biotin,1000,µg,per_100g (100 g Pulver),Biotin,6.7,g,per_100g,qty: got 6.7 expected 1000 | unit: got g expected µg
incorrect,20.png,Vitamin A,2220,µg RE,per_100g (100 g Pulver),Vitamin A,1000,g,per_100g,qty: got 1000 expected 2220 | unit: got g expected µg RE
incorrect,20.png,Sodium,100,mg,per_daily_dose (1 Portion = 15 g),Sodium,11.7,g,per_daily_dose,qty: got 11.7 expected 100 | unit: got g expected mg
incorrect,20.png,Potassium,100,mg,per_daily_dose (1 Portion = 15 g),Potassium,<0.1,g,per_daily_dose,qty: got <0.1 expected 100 | unit: got g expected mg
incorrect,20.png,Selenium,33,µg,per_daily_dose (1 Portion = 15 g),Selenium,45,mg,per_daily_dose,qty: got 45 expected 33 | unit: got mg expected µg
incorrect,20.png,Vitamin C,37.5,mg,per_daily_dose (1 Portion = 15 g),Vitamin C,120,g,per_daily_dose,qty: got 120 expected 37.5 | unit: got g expected mg
incorrect,20.png,Niacin,16,mg NE,per_daily_dose (1 Portion = 15 g),Niacin,120,mg,per_daily_dose,qty: got 120 expected 16 | unit: got mg expected mg NE
incorrect,20.png,Vitamin E,10,mg α-TE,per_daily_dose (1 Portion = 15 g),Vitamin E,360,mg,per_daily_dose,qty: got 360 expected 10 | unit: got mg expected mg α-TE
incorrect,20.png,Pantothenic Acid,6,mg,per_daily_dose (1 Portion = 15 g),Pantothenic Acid,33,mg ne,per_daily_dose,qty: got 33 expected 6 | unit: got mg ne expected mg
incorrect,20.png,Vitamin B6,1,mg,per_daily_dose (1 Portion = 15 g),Vitamin B6,37.5,mg a-te,per_daily_dose,qty: got 37.5 expected 1 | unit: got mg a-te expected mg
incorrect,20.png,Vitamin B1,200,µg,per_daily_dose (1 Portion = 15 g),Vitamin B1,37.5,mg,per_daily_dose,qty: got 37.5 expected 200 | unit: got mg expected µg
incorrect,20.png,Folic Acid,200,µg,per_daily_dose (1 Portion = 15 g),Folic Acid,22576,mg,per_daily_dose,qty: got 22576 expected 200 | unit: got mg expected µg
incorrect,20.png,Vitamin B12,1,µg,per_daily_dose (1 Portion = 15 g),Vitamin B12,10,g,per_daily_dose,qty: got 10 expected 1 | unit: got g expected µg
incorrect,20.png,Biotin,153,µg,per_daily_dose (1 Portion = 15 g),Biotin,6,g,per_daily_dose,qty: got 6 expected 153 | unit: got g expected µg
incorrect,20.png,Vitamin A,225,µg RE,per_daily_dose (1 Portion = 15 g),Vitamin A,1,g,per_daily_dose,qty: got 1 expected 225 | unit: got g expected µg RE
missing,20.png,Energy,1474,kJ,per_100g (100 g Pulver),,,,,nutrient not found in predictions
missing,20.png,Energy,346,kcal,per_100g (100 g Pulver),,,,,nutrient not found in predictions
missing,20.png,Protein,0.1,g,per_100g (100 g Pulver),,,,,nutrient not found in predictions
missing,20.png,Fat,0.5,g,per_100g (100 g Pulver),,,,,nutrient not found in predictions
missing,20.png,Vitamin B2,10.7,mg,per_100g (100 g Pulver),,,,,nutrient not found in predictions
missing,20.png,Energy,223,kJ,per_daily_dose (1 Portion = 15 g),,,,,nutrient not found in predictions
missing,20.png,Energy,52,kcal,per_daily_dose (1 Portion = 15 g),,,,,nutrient not found in predictions
missing,20.png,Protein,0.1,g,per_daily_dose (1 Portion = 15 g),,,,,nutrient not found in predictions
missing,20.png,Carbohydrate,11.7,g,per_daily_dose (1 Portion = 15 g),,,,,nutrient not found in predictions
missing,20.png,Fat,0.1,g,per_daily_dose (1 Portion = 15 g),,,,,nutrient not found in predictions
missing,20.png,Vitamin B2,1.6,mg,per_daily_dose (1 Portion = 15 g),,,,,nutrient not found in predictions
missing,201.jpeg,Energy,1642,kJ,per_100g,,,,,nutrient not found in predictions
missing,201.jpeg,Energy,392,kcal,per_100g,,,,,nutrient not found in predictions
missing,201.jpeg,Fat,6.7,g,per_100g,,,,,nutrient not found in predictions
missing,201.jpeg,Saturated Fats,4.2,g,per_100g,,,,,nutrient not found in predictions
missing,201.jpeg,Carbohydrate,8.1,g,per_100g,,,,,nutrient not found in predictions
missing,201.jpeg,Sugars,7.7,g,per_100g,,,,,nutrient not found in predictions
missing,201.jpeg,Protein,77,g,per_100g,,,,,nutrient not found in predictions
missing,201.jpeg,Salt,0.05,g,per_100g,,,,,nutrient not found in predictions
missing,201.jpeg,Energy,493,kJ,per_serving (30 g (1 Scoop)),,,,,nutrient not found in predictions
missing,201.jpeg,Energy,118,kcal,per_serving (30 g (1 Scoop)),,,,,nutrient not found in predictions
missing,201.jpeg,Fat,2,g,per_serving (30 g (1 Scoop)),,,,,nutrient not found in predictions
missing,201.jpeg,Saturated Fats,1.3,g,per_serving (30 g (1 Scoop)),,,,,nutrient not found in predictions
missing,201.jpeg,Carbohydrate,2.4,g,per_serving (30 g (1 Scoop)),,,,,nutrient not found in predictions
missing,201.jpeg,Sugars,2.3,g,per_serving (30 g (1 Scoop)),,,,,nutrient not found in predictions
missing,201.jpeg,Protein,23,g,per_serving (30 g (1 Scoop)),,,,,nutrient not found in predictions
missing,201.jpeg,Salt,0.02,g,per_serving (30 g (1 Scoop)),,,,,nutrient not found in predictions
incorrect,26.png,Fat,0,g,per_100g,Fat,2,g,per_100g,qty: got 2 expected 0
incorrect,26.png,Sugars,7,g,per_100g,OFWHICHSUGARS,7,g,per_100g,nutrient: no match
missing,26.png,Energy,942,kJ,per_100g,,,,,nutrient not found in predictions
missing,26.png,Energy,225,kcal,per_100g,,,,,nutrient not found in predictions
incorrect,27.png,Calcium,4000,mg,per_100g (100 g Pulver),Calcium,1254,kj,per_100g,qty: got 1254 expected 4000 | unit: got kj expected mg
incorrect,27.png,Magnesium,2000,mg,per_100g (100 g Pulver),Magnesium,<0.1,g,per_100g,qty: got <0.1 expected 2000 | unit: got g expected mg
incorrect,27.png,Zinc,75,mg,per_100g (100 g Pulver),Zinc,49,g,per_100g,qty: got 49 expected 75 | unit: got g expected mg
incorrect,27.png,Chromium,896,µg,per_100g (100 g Pulver),Chromium,<0.5,mg,per_100g,qty: got <0.5 expected 896 | unit: got mg expected µg
incorrect,27.png,Vitamin D,37,µg,per_100g (100 g Pulver),Vitamin D,4000,mg,per_100g,qty: got 4000 expected 37 | unit: got mg expected µg
missing,27.png,Energy,1254,kJ,per_100g (100 g Pulver),,,,,nutrient not found in predictions
missing,27.png,Energy,300,kcal,per_100g (100 g Pulver),,,,,nutrient not found in predictions
missing,27.png,Protein,0.1,g,per_100g (100 g Pulver),,,,,nutrient not found in predictions
missing,27.png,Carbohydrate,49,g,per_100g (100 g Pulver),,,,,nutrient not found in predictions
missing,27.png,Fat,0.5,g,per_100g (100 g Pulver),,,,,nutrient not found in predictions
missing,27.png,Copper,10000,µg,per_100g (100 g Pulver),,,,,nutrient not found in predictions
missing,27.png,Manganese,15,mg,per_100g (100 g Pulver),,,,,nutrient not found in predictions
missing,27.png,Selenium,251,µg,per_100g (100 g Pulver),,,,,nutrient not found in predictions
incorrect,30.png,Carbohydrate,39,g,per_serving (Per Bar 55g),Carbohydrate,215,g,per_serving,qty: got 215 expected 39
incorrect,30.png,Sugars,19,g,per_serving (Per Bar 55g),Sugars,2.7,g,per_serving,qty: got 2.7 expected 19
incorrect,30.png,Carbohydrate,71,g,per_100g,Carbohydrate,391,g,per_100g,qty: got 391 expected 71
incorrect,30.png,Sugars,35,g,per_100g,Sugars,4.8,g,per_100g,qty: got 4.8 expected 35
incorrect,30.png,Protein,2.7,g,per_serving (Per Bar 55g),Protein,907,kj/kcal,per_serving,qty: got 907 expected 2.7 | unit: got kj/kcal expected g
incorrect,30.png,Fibre,2.0,g,per_serving (Per Bar 55g),Fibre,5.0,mg,per_serving,qty: got 5.0 expected 2.0 | unit: got mg expected g
incorrect,30.png,Sodium,70,mg,per_serving (Per Bar 55g),Sodium,2.7,,per_serving,qty: got 2.7 expected 70 | unit: got None expected mg
incorrect,30.png,Protein,4.8,g,per_100g,Protein,1649,kj/kcal,per_100g,qty: got 1649 expected 4.8 | unit: got kj/kcal expected g
incorrect,30.png,Fibre,3.6,g,per_100g,Fibre,9.1,mg,per_100g,qty: got 9.1 expected 3.6 | unit: got mg expected g
incorrect,30.png,Sodium,130,mg,per_100g,Sodium,4.9,,per_100g,qty: got 4.9 expected 130 | unit: got None expected mg
missing,30.png,Energy,907,kJ,per_serving (Per Bar 55g),,,,,nutrient not found in predictions
missing,30.png,Energy,215,kcal,per_serving (Per Bar 55g),,,,,nutrient not found in predictions
missing,30.png,Fat,5.0,g,per_serving (Per Bar 55g),,,,,nutrient not found in predictions
missing,30.png,Saturated Fats,2.7,g,per_serving (Per Bar 55g),,,,,nutrient not found in predictions
missing,30.png,Energy,1649,kJ,per_100g,,,,,nutrient not found in predictions
missing,30.png,Energy,391,kcal,per_100g,,,,,nutrient not found in predictions
missing,30.png,Fat,9.1,g,per_100g,,,,,nutrient not found in predictions
missing,30.png,Saturated Fats,4.9,g,per_100g,,,,,nutrient not found in predictions
incorrect,33.png,Energy,1660,kJ,per_100g,Energy,1660,g,per_100g,unit: got g expected kJ
incorrect,33.png,Fat,0,g,per_100g,Fat,1245,g,per_serving,qty: got 1245 expected 0 | context: got per_serving expected per_100g
incorrect,33.png,Carbohydrate,97,g,per_100g,Carbohydrate,0,g,per_100g,qty: got 0 expected 97
incorrect,33.png,Sugars,56,g,per_100g,Sugars,0,g,per_serving,qty: got 0 expected 56 | context: got per_serving expected per_100g
incorrect,33.png,Protein,0,g,per_100g,Protein,97,g,per_100g,qty: got 97 expected 0
incorrect,33.png,Salt,0.53,g,per_100g,Salt,73,g,per_serving,qty: got 73 expected 0.53 | context: got per_serving expected per_100g
incorrect,33.png,Chloride,140,mg,per_100g,Chloride,0.53,mg,per_100g,qty: got 0.53 expected 140
incorrect,33.png,Sodium,210,mg,per_100g,Sodium,56,g,per_100g,qty: got 56 expected 210 | unit: got g expected mg
incorrect,33.png,Calcium,35,mg,per_100g,Calcium,42,g,per_serving,qty: got 42 expected 35 | unit: got g expected mg | context: got per_serving expected per_100g
incorrect,33.png,Magnesium,25,mg,per_100g,Magnesium,0,g,per_100g,qty: got 0 expected 25 | unit: got g expected mg
incorrect,33.png,Potassium,55,mg,per_100g,Potassium,0,g,per_serving,qty: got 0 expected 55 | unit: got g expected mg | context: got per_serving expected per_100g
missing,33.png,Energy,390,kcal,per_100g,,,,,nutrient not found in predictions
missing,33.png,Energy,1245,kJ,per_serving (75 g (300 ml)),,,,,nutrient not found in predictions
missing,33.png,Energy,293,kcal,per_serving (75 g (300 ml)),,,,,nutrient not found in predictions
missing,33.png,Fat,0,g,per_serving (75 g (300 ml)),,,,,nutrient not found in predictions
missing,33.png,Saturated Fats,0,g,per_serving (75 g (300 ml)),,,,,nutrient not found in predictions
missing,33.png,Carbohydrate,73,g,per_serving (75 g (300 ml)),,,,,nutrient not found in predictions
missing,33.png,Sugars,42,g,per_serving (75 g (300 ml)),,,,,nutrient not found in predictions
missing,33.png,Protein,0,g,per_serving (75 g (300 ml)),,,,,nutrient not found in predictions
missing,33.png,Salt,0.40,g,per_serving (75 g (300 ml)),,,,,nutrient not found in predictions
missing,33.png,Sodium,158,mg,per_serving (75 g (300 ml)),,,,,nutrient not found in predictions
missing,33.png,Calcium,26,mg,per_serving (75 g (300 ml)),,,,,nutrient not found in predictions
missing,33.png,Magnesium,19,mg,per_serving (75 g (300 ml)),,,,,nutrient not found in predictions
missing,33.png,Potassium,41,mg,per_serving (75 g (300 ml)),,,,,nutrient not found in predictions
missing,33.png,Chloride,105,mg,per_serving (75 g (300 ml)),,,,,nutrient not found in predictions
incorrect,34.png,Fat,0,g,per_100g,Fat,339,g,per_serving,qty: got 339 expected 0 | context: got per_serving expected per_100g
incorrect,34.png,Salt,3.5,g,per_100g,Salt,20,g,per_serving,qty: got 20 expected 3.5 | context: got per_serving expected per_100g
incorrect,34.png,Vitamin B6,3.2,mg,per_100g,Vitamin B6,100,mg,per_serving,qty: got 100 expected 3.2 | context: got per_serving expected per_100g
incorrect,34.png,Pantothenic Acid,2.9,mg,per_100g,Pantothenic Acid,100,mg,per_serving,qty: got 100 expected 2.9 | context: got per_serving expected per_100g
incorrect,34.png,Vitamin B1,0.8,mg,per_100g,Vitamin B1,400,mg,per_100g,qty: got 400 expected 0.8
incorrect,34.png,Vitamin B2,0.8,mg,per_100g,Vitamin B2,100,mg,per_100g,qty: got 100 expected 0.8
incorrect,34.png,Carbohydrate,80,g,per_100g,Carbohydrate,1356,kj,per_100g,qty: got 1356 expected 80 | unit: got kj expected g
incorrect,34.png,Sugars,77,g,per_100g,Sugars,80,kj,per_serving,qty: got 80 expected 77 | unit: got kj expected g | context: got per_serving expected per_100g
incorrect,34.png,Fibre,5,g,per_100g,Fibre,319,kcal,per_100g,qty: got 319 expected 5 | unit: got kcal expected g
incorrect,34.png,Calcium,400,mg,per_100g,Calcium,77,g,per_100g,qty: got 77 expected 400 | unit: got g expected mg
incorrect,34.png,Potassium,400,mg,per_100g,Potassium,1.2,g,per_serving,qty: got 1.2 expected 400 | unit: got g expected mg | context: got per_serving expected per_100g
incorrect,34.png,Magnesium,100,mg,per_100g,Magnesium,5,g,per_100g,qty: got 5 expected 100 | unit: got g expected mg
incorrect,34.png,Zinc,2.6,mg,per_100g,Zinc,0,g,per_serving,qty: got 0 expected 2.6 | unit: got g expected mg | context: got per_serving expected per_100g
incorrect,34.png,Vitamin C,72,mg,per_100g,Vitamin C,0,kcal,per_serving,qty: got 0 expected 72 | unit: got kcal expected mg | context: got per_serving expected per_100g
incorrect,34.png,Niacin,12,mg,per_100g,Niacin,400,g,per_100g,qty: got 400 expected 12 | unit: got g expected mg
incorrect,34.png,Folic Acid,34,µg,per_100g,Folic Acid,25,mg,per_serving,qty: got 25 expected 34 | unit: got mg expected µg | context: got per_serving expected per_100g
incorrect,34.png,Vitamin B12,3.5,µg,per_100g,Vitamin B12,0.7,mg,per_serving,qty: got 0.7 expected 3.5 | unit: got mg expected µg | context: got per_serving expected per_100g
incorrect,34.png,Vitamin C,18,mg,per_serving (25g serving),Vitamin C,3.5,g,per_100g,qty: got 3.5 expected 18 | unit: got g expected mg | context: got per_100g expected per_serving (25g serving)
missing,34.png,Energy,1356,kJ,per_100g,,,,,nutrient not found in predictions
missing,34.png,Energy,319,kcal,per_100g,,,,,nutrient not found in predictions
missing,34.png,Energy,339,kJ,per_serving (25g serving),,,,,nutrient not found in predictions
missing,34.png,Energy,80,kcal,per_serving (25g serving),,,,,nutrient not found in predictions
missing,34.png,Fat,0,g,per_serving (25g serving),,,,,nutrient not found in predictions
missing,34.png,Carbohydrate,20,g,per_serving (25g serving),,,,,nutrient not found in predictions
missing,34.png,Sugars,19,g,per_serving (25g serving),,,,,nutrient not found in predictions
missing,34.png,Fibre,1.2,g,per_serving (25g serving),,,,,nutrient not found in predictions
missing,34.png,Protein,0,g,per_serving (25g serving),,,,,nutrient not found in predictions
missing,34.png,Salt,0.9,g,per_serving (25g serving),,,,,nutrient not found in predictions
missing,34.png,Calcium,100,mg,per_serving (25g serving),,,,,nutrient not found in predictions
missing,34.png,Potassium,100,mg,per_serving (25g serving),,,,,nutrient not found in predictions
missing,34.png,Magnesium,25,mg,per_serving (25g serving),,,,,nutrient not found in predictions
missing,34.png,Zinc,0.7,mg,per_serving (25g serving),,,,,nutrient not found in predictions
missing,34.png,Niacin,3.0,mg,per_serving (25g serving),,,,,nutrient not found in predictions
missing,34.png,Vitamin B6,0.8,mg,per_serving (25g serving),,,,,nutrient not found in predictions
missing,34.png,Pantothenic Acid,0.7,mg,per_serving (25g serving),,,,,nutrient not found in predictions
missing,34.png,Vitamin B1,0.2,mg,per_serving (25g serving),,,,,nutrient not found in predictions
missing,34.png,Vitamin B2,0.2,mg,per_serving (25g serving),,,,,nutrient not found in predictions
missing,34.png,Folic Acid,8.4,µg,per_serving (25g serving),,,,,nutrient not found in predictions
missing,34.png,Vitamin B12,0.9,µg,per_serving (25g serving),,,,,nutrient not found in predictions
missing,35.jpeg,Magnesium,225,mg,per_serving (pro 3 Tabletten),,,,,nutrient not found in predictions
missing,35.jpeg,Vitamin C,100.8,mg,per_serving (pro 3 Tabletten),,,,,nutrient not found in predictions
incorrect,4.png,Sugars,6.7,g,per_100g,Sugars,56,g,per_100g,qty: got 56 expected 6.7
incorrect,4.png,Protein,0.1,g,per_100g,Protein,0.12,g,per_100g,qty: got 0.12 expected 0.1
missing,4.png,Energy,952,,per_100g,,,,,nutrient not found in predictions
missing,4.png,Energy,224,kcal,per_100g,,,,,nutrient not found in predictions
incorrect,41.png,Saturated Fats,0,g,per_100g,Saturated Fats,16156,g,per_100g,qty: got 16156 expected 0
incorrect,41.png,Carbohydrate,36,g,per_100g,Carbohydrate,0,g,per_100g,qty: got 0 expected 36
incorrect,41.png,Protein,0,g,per_100g,Protein,0.10,g,per_100g,qty: got 0.10 expected 0
incorrect,41.png,Energy,612,kJ,per_100g,Energy,0,g,per_100g,qty: got 0 expected 612 | unit: got g expected kJ
incorrect,41.png,Salt,0.10,g,per_100g,Salt,,,per_100g,qty: got None expected 0.10 | unit: got None expected g
missing,41.png,Energy,144,kcal,per_100g,,,,,nutrient not found in predictions
missing,41.png,Sugars,4.5,g,per_100g,,,,,nutrient not found in predictions
incorrect,42.png,Protein,0,g,per_serving (PER SERVE 47g),Protein,736,g,per_serving,qty: got 736 expected 0
incorrect,42.png,Fat,0,g,per_serving (PER SERVE 47g),Fat,176,g,per_serving,qty: got 176 expected 0
incorrect,42.png,Saturated Fats,0,g,per_serving (PER SERVE 47g),Saturated Fats,1567,mg,per_100g,qty: got 1567 expected 0 | unit: got mg expected g | context: got per_100g expected per_serving (PER SERVE 47g)
incorrect,42.png,Carbohydrate,44,g,per_serving (PER SERVE 47g),Carbohydrate,374,,per_100g,qty: got 374 expected 44 | unit: got None expected g | context: got per_100g expected per_serving (PER SERVE 47g)
incorrect,42.png,Sugars,18,g,per_serving (PER SERVE 47g),Sugars,0,,per_serving,qty: got 0 expected 18 | unit: got None expected g
incorrect,42.png,Fibre,0,g,per_serving (PER SERVE 47g),Fibre,0.1,,per_100g,qty: got 0.1 expected 0 | unit: got None expected g | context: got per_100g expected per_serving (PER SERVE 47g)
incorrect,42.png,Sodium,240,mg,per_serving (PER SERVE 47g),Sodium,0,,per_100g,qty: got 0 expected 240 | unit: got None expected mg | context: got per_100g expected per_serving (PER SERVE 47g)
missing,42.png,Energy,736,kJ,per_serving (PER SERVE 47g),,,,,nutrient not found in predictions
missing,42.png,Energy,176,kcal,per_serving (PER SERVE 47g),,,,,nutrient not found in predictions
missing,42.png,Energy,1567,kJ,per_100g,,,,,nutrient not found in predictions
missing,42.png,Energy,374,kcal,per_100g,,,,,nutrient not found in predictions
missing,42.png,Protein,0.1,g,per_100g,,,,,nutrient not found in predictions
missing,42.png,Fat,0,g,per_100g,,,,,nutrient not found in predictions
missing,42.png,Saturated Fats,0,g,per_100g,,,,,nutrient not found in predictions
missing,42.png,Carbohydrate,94,g,per_100g,,,,,nutrient not found in predictions
missing,42.png,Sugars,38,g,per_100g,,,,,nutrient not found in predictions
missing,42.png,Fibre,0,g,per_100g,,,,,nutrient not found in predictions
missing,42.png,Sodium,500,mg,per_100g,,,,,nutrient not found in predictions
missing,45_1.png,Energy,736,kJ,per_serving (1 SERV. 47g),,,,,nutrient not found in predictions
missing,45_1.png,Energy,176,kcal,per_serving (1 SERV. 47g),,,,,nutrient not found in predictions
missing,45_1.png,Protein,0,g,per_serving (1 SERV. 47g),,,,,nutrient not found in predictions
missing,45_1.png,Fat,0,g,per_serving (1 SERV. 47g),,,,,nutrient not found in predictions
missing,45_1.png,Saturated Fats,0,g,per_serving (1 SERV. 47g),,,,,nutrient not found in predictions
missing,45_1.png,Carbohydrate,44,g,per_serving (1 SERV. 47g),,,,,nutrient not found in predictions
missing,45_1.png,Sugars,18,g,per_serving (1 SERV. 47g),,,,,nutrient not found in predictions
missing,45_1.png,Fibre,0,g,per_serving (1 SERV. 47g),,,,,nutrient not found in predictions
missing,45_1.png,Sodium,240,mg,per_serving (1 SERV. 47g),,,,,nutrient not found in predictions
missing,45_1.png,Energy,1567,kJ,per_100g,,,,,nutrient not found in predictions
missing,45_1.png,Energy,374,kcal,per_100g,,,,,nutrient not found in predictions
missing,45_1.png,Protein,0.1,g,per_100g,,,,,nutrient not found in predictions
missing,45_1.png,Fat,0,g,per_100g,,,,,nutrient not found in predictions
missing,45_1.png,Saturated Fats,0,g,per_100g,,,,,nutrient not found in predictions
missing,45_1.png,Carbohydrate,94,g,per_100g,,,,,nutrient not found in predictions
missing,45_1.png,Sugars,38,g,per_100g,,,,,nutrient not found in predictions
missing,45_1.png,Fibre,0,g,per_100g,,,,,nutrient not found in predictions
missing,45_1.png,Sodium,500,mg,per_100g,,,,,nutrient not found in predictions
missing,45_2.png,Energy,1567,kJ,per_100g,,,,,nutrient not found in predictions
missing,45_2.png,Energy,374,kcal,per_100g,,,,,nutrient not found in predictions
missing,45_2.png,Fat,0,g,per_100g,,,,,nutrient not found in predictions
missing,45_2.png,Saturated Fats,0,g,per_100g,,,,,nutrient not found in predictions
missing,45_2.png,Carbohydrate,94,g,per_100g,,,,,nutrient not found in predictions
missing,45_2.png,Sugars,38,g,per_100g,,,,,nutrient not found in predictions
missing,45_2.png,Protein,0.1,g,per_100g,,,,,nutrient not found in predictions
missing,45_2.png,Salt,1.3,g,per_100g,,,,,nutrient not found in predictions
incorrect,51.png,Carbohydrate,84,g,per_100g,CarbohydrateKohlenhydrateGlucidesKoolhydraten,1541,g,per_100g,nutrient: no match | qty: got 1541 expected 84
incorrect,51.png,Protein,6.7,g,per_100g,ProteinEiweiBProtéinesElwitten,1541,g,per_100g,nutrient: no match | qty: got 1541 expected 6.7
incorrect,51.png,Salt,0.13,g,per_100g,SaltSalzSelZout,<0.5,g,per_100g,nutrient: no match | qty: got <0.5 expected 0.13
incorrect,51.png,Carbohydrate,50,g,per_serving (60 g),CarbohydrateKohlenhydrateGlucidesKoolhydraten,0.21,g,per_100g,nutrient: no match | qty: got 0.21 expected 50 | context: got per_100g expected per_serving (60 g)
incorrect,51.png,Protein,4.0,g,per_serving (60 g),ProteinEiweiBProtéinesElwitten,0.21,g,per_100g,nutrient: no match | qty: got 0.21 expected 4.0 | context: got per_100g expected per_serving (60 g)
incorrect,51.png,Salt,0.08,g,per_serving (60 g),SaltSalzSelZout,925,g,per_100g,nutrient: no match | qty: got 925 expected 0.08 | context: got per_100g expected per_serving (60 g)
missing,51.png,Energy,1541,kJ,per_100g,,,,,nutrient not found in predictions
missing,51.png,Energy,363,kcal,per_100g,,,,,nutrient not found in predictions
missing,51.png,Fat,< 0.5,g,per_100g,,,,,nutrient not found in predictions
missing,51.png,Saturated Fats,< 0.5,g,per_100g,,,,,nutrient not found in predictions
missing,51.png,Sugars,62,g,per_100g,,,,,nutrient not found in predictions
missing,51.png,Vitamin B6,0.35,mg,per_100g,,,,,nutrient not found in predictions
missing,51.png,Energy,925,kJ,per_serving (60 g),,,,,nutrient not found in predictions
missing,51.png,Energy,218,kcal,per_serving (60 g),,,,,nutrient not found in predictions
missing,51.png,Fat,< 0.5,g,per_serving (60 g),,,,,nutrient not found in predictions
missing,51.png,Saturated Fats,< 0.5,g,per_serving (60 g),,,,,nutrient not found in predictions
missing,51.png,Sugars,37,g,per_serving (60 g),,,,,nutrient not found in predictions
missing,51.png,Vitamin B6,0.21,mg,per_serving (60 g),,,,,nutrient not found in predictions
incorrect,53.png,Energy,1541,kJ,per_100g,Energy,1541,g,per_100g,unit: got g expected kJ
incorrect,53.png,Energy,363,kcal,per_100g,Energy,0.21,g,per_100g,qty: got 0.21 expected 363 | unit: got g expected kcal
incorrect,53.png,Energy,925,kJ,per_serving (60 g),Energy,60,g,per_100g,qty: got 60 expected 925 | unit: got g expected kJ | context: got per_100g expected per_serving (60 g)
incorrect,53.png,Carbohydrate,84,g,per_100g,CarbohydrateKohlenhydrateGlucidesKoolhydraten,0.35,g,per_100g,nutrient: no match | qty: got 0.35 expected 84
incorrect,53.png,Protein,6.7,g,per_100g,ProteinEiweiBProteinesEiwitten,<0.5,g,per_100g,nutrient: no match | qty: got <0.5 expected 6.7
incorrect,53.png,Salt,0.13,g,per_100g,SaltSalzSelZout,<0.5,g,per_100g,nutrient: no match | qty: got <0.5 expected 0.13
incorrect,53.png,Carbohydrate,50,g,per_serving (60 g),CarbohydrateKohlenhydrateGlucidesKoolhydraten,1541,g,per_100g,nutrient: no match | qty: got 1541 expected 50 | context: got per_100g expected per_serving (60 g)
incorrect,53.png,Protein,4.0,g,per_serving (60 g),ProteinEiweiBProteinesEiwitten,925,g,per_100g,nutrient: no match | qty: got 925 expected 4.0 | context: got per_100g expected per_serving (60 g)
incorrect,53.png,Vitamin B6,0.35,mg,per_100g,Vitamin B6Vitamine B6,84,g,per_100g,nutrient: no match | qty: got 84 expected 0.35 | unit: got g expected mg
incorrect,53.png,Vitamin B6,0.21,mg,per_serving (60 g),Vitamin B6Vitamine B6,<0.5,g,per_100g,nutrient: no match | qty: got <0.5 expected 0.21 | unit: got g expected mg | context: got per_100g expected per_serving (60 g)
missing,53.png,Fat,< 0.5,g,per_100g,,,,,nutrient not found in predictions
missing,53.png,Saturated Fats,< 0.5,g,per_100g,,,,,nutrient not found in predictions
missing,53.png,Sugars,62,g,per_100g,,,,,nutrient not found in predictions
missing,53.png,Energy,218,kcal,per_serving (60 g),,,,,nutrient not found in predictions
missing,53.png,Fat,< 0.5,g,per_serving (60 g),,,,,nutrient not found in predictions
missing,53.png,Saturated Fats,< 0.5,g,per_serving (60 g),,,,,nutrient not found in predictions
missing,53.png,Sugars,37,g,per_serving (60 g),,,,,nutrient not found in predictions
missing,53.png,Salt,0.08,g,per_serving (60 g),,,,,nutrient not found in predictions
incorrect,56.jpeg,Fat,4.3,g,per_100g,Fat,1604,g,per_100g,qty: got 1604 expected 4.3
incorrect,56.jpeg,Fat,0.26,g,per_serving (pro Esslöffel (6 g)),Fat,96.2,g,per_100g,qty: got 96.2 expected 0.26 | context: got per_100g expected per_serving (pro Esslöffel (6 g))
missing,56.jpeg,Energy,383,kcal,per_100g,,,,,nutrient not found in predictions
missing,56.jpeg,Energy,1604,kJ,per_100g,,,,,nutrient not found in predictions
missing,56.jpeg,Protein,83,g,per_100g,,,,,nutrient not found in predictions
missing,56.jpeg,Carbohydrate,3.67,g,per_100g,,,,,nutrient not found in predictions
missing,56.jpeg,Energy,23,kcal,per_serving (pro Esslöffel (6 g)),,,,,nutrient not found in predictions
missing,56.jpeg,Energy,96.2,kJ,per_serving (pro Esslöffel (6 g)),,,,,nutrient not found in predictions
missing,56.jpeg,Protein,4.99,g,per_serving (pro Esslöffel (6 g)),,,,,nutrient not found in predictions
missing,56.jpeg,Carbohydrate,0.22,g,per_serving (pro Esslöffel (6 g)),,,,,nutrient not found in predictions
incorrect,57.jpeg,Fat,4.3,g,per_100g,Fat,96.2,g,per_100g,qty: got 96.2 expected 4.3
incorrect,57.jpeg,Protein,83,g,per_100g,proteines,383,kcal,per_100g,qty: got 383 expected 83 | unit: got kcal expected g
missing,57.jpeg,Energy,383,kcal,per_100g,,,,,nutrient not found in predictions
missing,57.jpeg,Energy,1604,kJ,per_100g,,,,,nutrient not found in predictions
missing,57.jpeg,Carbohydrate,3.67,g,per_100g,,,,,nutrient not found in predictions
missing,57.jpeg,Energy,23,kcal,per_serving (pro Esslöffel (6 g)),,,,,nutrient not found in predictions
missing,57.jpeg,Energy,96.2,kJ,per_serving (pro Esslöffel (6 g)),,,,,nutrient not found in predictions
missing,57.jpeg,Protein,4.99,g,per_serving (pro Esslöffel (6 g)),,,,,nutrient not found in predictions
missing,57.jpeg,Carbohydrate,0.22,g,per_serving (pro Esslöffel (6 g)),,,,,nutrient not found in predictions
missing,57.jpeg,Fat,0.26,g,per_serving (pro Esslöffel (6 g)),,,,,nutrient not found in predictions
incorrect,59.png,Sodium,<0.1,g,per_100g (100 g Pulver),Sodium,<0.1,g,per_daily_dose,context: got per_daily_dose expected per_100g (100 g Pulver)
incorrect,59.png,Fructose,63.7,g,per_100g (100 g Pulver),Fructose,0.7,g,per_100g,qty: got 0.7 expected 63.7
incorrect,59.png,Fat,0.3,g,per_100g (100 g Pulver),Fat,66.6,g,per_100g,qty: got 66.6 expected 0.3
incorrect,59.png,Saturated Fats,<0.3,g,per_100g (100 g Pulver),Saturated Fats,64.4,g,per_100g,qty: got 64.4 expected <0.3
incorrect,59.png,Fibre,25,g,per_100g (100 g Pulver),Fibre,0.3,g,per_100g,qty: got 0.3 expected 25
incorrect,59.png,Fructose,12.7,g,per_daily_dose (1 Portion = 20 g Pulver),Fructose,0.14,g,per_daily_dose,qty: got 0.14 expected 12.7
incorrect,59.png,Fat,<0.1,g,per_daily_dose (1 Portion = 20 g Pulver),Fat,13.3,g,per_daily_dose,qty: got 13.3 expected <0.1
incorrect,59.png,Saturated Fats,<0.1,g,per_daily_dose (1 Portion = 20 g Pulver),Saturated Fats,12.9,g,per_daily_dose,qty: got 12.9 expected <0.1
incorrect,59.png,Fibre,5,g,per_daily_dose (1 Portion = 20 g Pulver),Fibre,12.7,g,per_daily_dose,qty: got 12.7 expected 5
incorrect,59.png,Sodium,<0.02,g,per_daily_dose (1 Portion = 20 g Pulver),Sodium,<0.3,g,per_100g,qty: got <0.3 expected <0.02 | context: got per_100g expected per_daily_dose (1 Portion = 20 g Pulver)
incorrect,59.png,Carbohydrate,66.6,g,per_100g (100 g Pulver),Carbohydrate,1391,kj,per_100g,qty: got 1391 expected 66.6 | unit: got kj expected g
incorrect,59.png,Selenium,150,µg,per_100g (100 g Pulver),Selenium,25,g,per_100g,qty: got 25 expected 150 | unit: got g expected µg
incorrect,59.png,Vitamin C,300,mg,per_100g (100 g Pulver),Vitamin C,<0.1,g,per_100g,qty: got <0.1 expected 300 | unit: got g expected mg
incorrect,59.png,Vitamin E,50,mg α-TE,per_100g (100 g Pulver),Vitamin E,150,g,per_100g,qty: got 150 expected 50 | unit: got g expected mg α-TE
incorrect,59.png,Vitamin A,1667,µg RE,per_100g (100 g Pulver),Vitamin A,300,mg,per_100g,qty: got 300 expected 1667 | unit: got mg expected µg RE
incorrect,59.png,Carbohydrate,13.3,g,per_daily_dose (1 Portion = 20 g Pulver),Carbohydrate,278,kj,per_daily_dose,qty: got 278 expected 13.3 | unit: got kj expected g
incorrect,59.png,Selenium,30,µg,per_daily_dose (1 Portion = 20 g Pulver),Selenium,<0.1,g,per_daily_dose,qty: got <0.1 expected 30 | unit: got g expected µg
incorrect,59.png,Vitamin C,60,mg,per_daily_dose (1 Portion = 20 g Pulver),Vitamin C,5,g,per_daily_dose,qty: got 5 expected 60 | unit: got g expected mg
incorrect,59.png,Vitamin E,10,mg α-TE,per_daily_dose (1 Portion = 20 g Pulver),Vitamin E,<0.02,g,per_daily_dose,qty: got <0.02 expected 10 | unit: got g expected mg α-TE
incorrect,59.png,Vitamin A,333,µg RE,per_daily_dose (1 Portion = 20 g Pulver),Vitamin A,30,mg,per_daily_dose,qty: got 30 expected 333 | unit: got mg expected µg RE
missing,59.png,Energy,1391,kJ,per_100g (100 g Pulver),,,,,nutrient not found in predictions
missing,59.png,Energy,330,kcal,per_100g (100 g Pulver),,,,,nutrient not found in predictions
missing,59.png,Protein,0.7,g,per_100g (100 g Pulver),,,,,nutrient not found in predictions
missing,59.png,Sugars,64.4,g,per_100g (100 g Pulver),,,,,nutrient not found in predictions
missing,59.png,Energy,278,kJ,per_daily_dose (1 Portion = 20 g Pulver),,,,,nutrient not found in predictions
missing,59.png,Energy,66,kcal,per_daily_dose (1 Portion = 20 g Pulver),,,,,nutrient not found in predictions
missing,59.png,Protein,0.14,g,per_daily_dose (1 Portion = 20 g Pulver),,,,,nutrient not found in predictions
missing,59.png,Sugars,12.9,g,per_daily_dose (1 Portion = 20 g Pulver),,,,,nutrient not found in predictions
incorrect,61.png,Protein,0.2,g,per_serving (30 g),Protein,0,g,per_serving,qty: got 0 expected 0.2
incorrect,61.png,Fat,0,g,per_serving (30 g),Fat,102,kcal,per_serving,qty: got 102 expected 0 | unit: got kcal expected g
incorrect,61.png,Saturated Fats,0,g,per_serving (30 g),Saturated Fats,427,kj,per_serving,qty: got 427 expected 0 | unit: got kj expected g
incorrect,61.png,Carbohydrate,25.3,g,per_serving (30 g),Carbohydrate,427,kj,per_serving,qty: got 427 expected 25.3 | unit: got kj expected g
incorrect,61.png,Sugars,14.6,g,per_serving (30 g),Sugars,102,kcal,per_serving,qty: got 102 expected 14.6 | unit: got kcal expected g
incorrect,61.png,Salt,0.52,g,per_serving (30 g),Salt,427,kj,per_serving,qty: got 427 expected 0.52 | unit: got kj expected g
incorrect,61.png,Magnesium,75,mg,per_serving (30 g),Magnesium,0,g,per_serving,qty: got 0 expected 75 | unit: got g expected mg
incorrect,61.png,Potassium,100,mg,per_serving (30 g),Potassium,25.3,g,per_serving,qty: got 25.3 expected 100 | unit: got g expected mg
incorrect,61.png,Calcium,50,mg,per_serving (30 g),Calcium,14.6,g,per_serving,qty: got 14.6 expected 50 | unit: got g expected mg
incorrect,61.png,Fat,0,g,per_100g,Fat,341,kcal,per_100g,qty: got 341 expected 0 | unit: got kcal expected g
incorrect,61.png,Saturated Fats,0,g,per_100g,Saturated Fats,1424,kj,per_100g,qty: got 1424 expected 0 | unit: got kj expected g
incorrect,61.png,Carbohydrate,84.4,g,per_100g,Carbohydrate,1424,kj,per_100g,qty: got 1424 expected 84.4 | unit: got kj expected g
incorrect,61.png,Sugars,48.7,g,per_100g,Sugars,341,kcal,per_100g,qty: got 341 expected 48.7 | unit: got kcal expected g
incorrect,61.png,Salt,1.73,g,per_100g,Salt,1424,kj,per_100g,qty: got 1424 expected 1.73 | unit: got kj expected g
incorrect,61.png,Potassium,333.3,mg,per_100g,Potassium,84.4,g,per_100g,qty: got 84.4 expected 333.3 | unit: got g expected mg
incorrect,61.png,Calcium,166.7,mg,per_100g,Calcium,48.7,g,per_100g,qty: got 48.7 expected 166.7 | unit: got g expected mg
missing,61.png,Energy,102,kcal,per_serving (30 g),,,,,nutrient not found in predictions
missing,61.png,Energy,341,kcal,per_100g,,,,,nutrient not found in predictions
missing,61.png,Protein,0.6,g,per_100g,,,,,nutrient not found in predictions
missing,61.png,Magnesium,250,mg,per_100g,,,,,nutrient not found in predictions
incorrect,63.png,Protein,0.2,g,per_serving (30 g),Protein,0,g,per_serving,qty: got 0 expected 0.2
incorrect,63.png,Fat,0,g,per_serving (30 g),Fat,102,kcal,per_serving,qty: got 102 expected 0 | unit: got kcal expected g
incorrect,63.png,Saturated Fats,0,g,per_serving (30 g),Saturated Fats,427,kj,per_serving,qty: got 427 expected 0 | unit: got kj expected g
incorrect,63.png,Carbohydrate,25.3,g,per_serving (30 g),Carbohydrate,427,kj,per_serving,qty: got 427 expected 25.3 | unit: got kj expected g
incorrect,63.png,Salt,0.52,g,per_serving (30 g),Salt,427,kj,per_serving,qty: got 427 expected 0.52 | unit: got kj expected g
incorrect,63.png,Magnesium,75,mg,per_serving (30 g),Magnesium,0,g,per_serving,qty: got 0 expected 75 | unit: got g expected mg
incorrect,63.png,Potassium,100,mg,per_serving (30 g),Potassium,25.3,g,per_serving,qty: got 25.3 expected 100 | unit: got g expected mg
incorrect,63.png,Calcium,50,mg,per_serving (30 g),Calcium,14.6,g,per_serving,qty: got 14.6 expected 50 | unit: got g expected mg
incorrect,63.png,Fat,0,g,per_100g,Fat,341,kcal,per_100g,qty: got 341 expected 0 | unit: got kcal expected g
incorrect,63.png,Saturated Fats,0,g,per_100g,Saturated Fats,1424,kj,per_100g,qty: got 1424 expected 0 | unit: got kj expected g
incorrect,63.png,Carbohydrate,84.4,g,per_100g,Carbohydrate,1424,kj,per_100g,qty: got 1424 expected 84.4 | unit: got kj expected g
incorrect,63.png,Salt,1.73,g,per_100g,Salt,1424,kj,per_100g,qty: got 1424 expected 1.73 | unit: got kj expected g
incorrect,63.png,Potassium,333.3,mg,per_100g,Potassium,84.4,g,per_100g,qty: got 84.4 expected 333.3 | unit: got g expected mg
incorrect,63.png,Calcium,166.7,mg,per_100g,Calcium,48.7,g,per_100g,qty: got 48.7 expected 166.7 | unit: got g expected mg
missing,63.png,Energy,102,kcal,per_serving (30 g),,,,,nutrient not found in predictions
missing,63.png,Sugars,14.6,g,per_serving (30 g),,,,,nutrient not found in predictions
missing,63.png,Energy,341,kcal,per_100g,,,,,nutrient not found in predictions
missing,63.png,Sugars,48.7,g,per_100g,,,,,nutrient not found in predictions
missing,63.png,Protein,0.6,g,per_100g,,,,,nutrient not found in predictions
missing,63.png,Magnesium,250,mg,per_100g,,,,,nutrient not found in predictions
incorrect,64.png,Folic Acid,80,µg,per_daily_dose (1 Ampulle/flask + 2 Caps.),Folic Acid,80,g,per_daily_dose,unit: got g expected µg
incorrect,64.png,Vitamin B12,2.0,µg,per_daily_dose (1 Ampulle/flask + 2 Caps.),Vitamin B12,2.0,g,per_daily_dose,unit: got g expected µg
missing,67.jpeg,Colecalciferol,25,µg,per_serving (Jede Tablette),,,,,nutrient not found in predictions
missing,67.jpeg,Vitamin D3,1000,I.E.,per_serving (Jede Tablette),,,,,nutrient not found in predictions
missing,67.jpeg,Colecalciferol,0.025,mg,per_daily_dose (Tagesdosis bis zu 1000 I.E.),,,,,nutrient not found in predictions
missing,67.jpeg,Vitamin D3,1000,I.E.,per_daily_dose (Tagesdosis bis zu 1000 I.E.),,,,,nutrient not found in predictions
missing,68.jpeg,Energy,1578,kJ,per_100g,,,,,nutrient not found in predictions
missing,68.jpeg,Energy,372,kcal,per_100g,,,,,nutrient not found in predictions
missing,68.jpeg,Fat,0.6,g,per_100g,,,,,nutrient not found in predictions
missing,68.jpeg,Saturated Fats,0.5,g,per_100g,,,,,nutrient not found in predictions
missing,68.jpeg,Carbohydrate,5.2,g,per_100g,,,,,nutrient not found in predictions
missing,68.jpeg,Sugars,2.1,g,per_100g,,,,,nutrient not found in predictions
missing,68.jpeg,Protein,84,g,per_100g,,,,,nutrient not found in predictions
missing,68.jpeg,Salt,0.42,g,per_100g,,,,,nutrient not found in predictions
missing,68.jpeg,L-Valine,5.7,g,per_100g,,,,,nutrient not found in predictions
missing,68.jpeg,L-Leucine,9.2,g,per_100g,,,,,nutrient not found in predictions
missing,68.jpeg,L-Isoleucine,6.2,g,per_100g,,,,,nutrient not found in predictions
missing,68.jpeg,L-Lysine,8.8,g,per_100g,,,,,nutrient not found in predictions
missing,68.jpeg,L-Histidine,1.5,g,per_100g,,,,,nutrient not found in predictions
missing,68.jpeg,L-Methionine,2.0,g,per_100g,,,,,nutrient not found in predictions
missing,68.jpeg,L-Phenylalanine,2.6,g,per_100g,,,,,nutrient not found in predictions
missing,68.jpeg,L-Threonine,6.2,g,per_100g,,,,,nutrient not found in predictions
missing,68.jpeg,L-Tryptophan,1.6,g,per_100g,,,,,nutrient not found in predictions
missing,68.jpeg,Energy,379,kJ,per_serving (24 g),,,,,nutrient not found in predictions
missing,68.jpeg,Energy,89,kcal,per_serving (24 g),,,,,nutrient not found in predictions
missing,68.jpeg,Fat,0.1,g,per_serving (24 g),,,,,nutrient not found in predictions
missing,68.jpeg,Saturated Fats,0.1,g,per_serving (24 g),,,,,nutrient not found in predictions
missing,68.jpeg,Carbohydrate,1.2,g,per_serving (24 g),,,,,nutrient not found in predictions
missing,68.jpeg,Sugars,0.5,g,per_serving (24 g),,,,,nutrient not found in predictions
missing,68.jpeg,Protein,20,g,per_serving (24 g),,,,,nutrient not found in predictions
missing,68.jpeg,Salt,0.10,g,per_serving (24 g),,,,,nutrient not found in predictions
missing,68.jpeg,L-Valine,1.4,g,per_serving (24 g),,,,,nutrient not found in predictions
missing,68.jpeg,L-Leucine,2.2,g,per_serving (24 g),,,,,nutrient not found in predictions
missing,68.jpeg,L-Isoleucine,1.5,g,per_serving (24 g),,,,,nutrient not found in predictions
missing,68.jpeg,L-Lysine,2.1,g,per_serving (24 g),,,,,nutrient not found in predictions
missing,68.jpeg,L-Histidine,357,mg,per_serving (24 g),,,,,nutrient not found in predictions
missing,68.jpeg,L-Methionine,472,mg,per_serving (24 g),,,,,nutrient not found in predictions
missing,68.jpeg,L-Phenylalanine,629,mg,per_serving (24 g),,,,,nutrient not found in predictions
missing,68.jpeg,L-Threonine,1.5,g,per_serving (24 g),,,,,nutrient not found in predictions
missing,68.jpeg,L-Tryptophan,384,mg,per_serving (24 g),,,,,nutrient not found in predictions
incorrect,78.jpeg,Vitamin D,50,µg,per_serving (pro Kapsel),Vitamin D,,,per_daily_dose,qty: got None expected 50 | unit: got None expected µg | context: got per_daily_dose expected per_serving (pro Kapsel)
incorrect,78.jpeg,Vitamin D,2000,I.E.,per_serving (pro Kapsel),Vitamin D3,1,,per_daily_dose,qty: got 1 expected 2000 | unit: got None expected I.E. | context: got per_daily_dose expected per_serving (pro Kapsel)
incorrect,8.png,Protein,3.7,g,per_100g,Protein,3.7,mg,per_100g,unit: got mg expected g
incorrect,8.png,Saturated Fats,3.4,g,per_serving (Per Bar 60g),Saturated Fats,4.8,g,per_serving,qty: got 4.8 expected 3.4
incorrect,8.png,Sugars,21,g,per_serving (Per Bar 60g),Sugars,21271,g,per_serving,qty: got 21271 expected 21
incorrect,8.png,Energy,892,kJ,per_serving (Per Bar 60g),Energy,2.2,g,per_serving,qty: got 2.2 expected 892 | unit: got g expected kJ
incorrect,8.png,Carbohydrate,41,g,per_serving (Per Bar 60g),Carbohydrate,7.9,,per_100g,qty: got 7.9 expected 41 | unit: got None expected g | context: got per_100g expected per_serving (Per Bar 60g)
incorrect,8.png,Fibre,1.9,g,per_serving (Per Bar 60g),Fibre,2823232,,per_100g,qty: got 2823232 expected 1.9 | unit: got None expected g | context: got per_100g expected per_serving (Per Bar 60g)
incorrect,8.png,Sodium,43,mg,per_serving (Per Bar 60g),Sodium,,,per_serving,qty: got None expected 43 | unit: got None expected mg
missing,8.png,Energy,213,kcal,per_serving (Per Bar 60g),,,,,nutrient not found in predictions
missing,8.png,Protein,2.2,g,per_serving (Per Bar 60g),,,,,nutrient not found in predictions
missing,8.png,Fat,4.8,g,per_serving (Per Bar 60g),,,,,nutrient not found in predictions
missing,8.png,Energy,1486,kJ,per_100g,,,,,nutrient not found in predictions
missing,8.png,Energy,355,kcal,per_100g,,,,,nutrient not found in predictions
missing,8.png,Fat,7.9,g,per_100g,,,,,nutrient not found in predictions
missing,8.png,Saturated Fats,5.7,g,per_100g,,,,,nutrient not found in predictions
missing,8.png,Carbohydrate,69,g,per_100g,,,,,nutrient not found in predictions
missing,8.png,Sugars,35,g,per_100g,,,,,nutrient not found in predictions
missing,8.png,Fibre,3.2,g,per_100g,,,,,nutrient not found in predictions
missing,8.png,Sodium,72,mg,per_100g,,,,,nutrient not found in predictions
incorrect,82.jpeg,Energy,0,kJ,per_100g,Energy,60,g,per_serving,qty: got 60 expected 0 | unit: got g expected kJ | context: got per_serving expected per_100g
incorrect,82.jpeg,Protein,0,g,per_100g,Protein,60,,per_100g,qty: got 60 expected 0 | unit: got None expected g
incorrect,82.jpeg,Carbohydrate,0,g,per_100g,Carbohydrate,3,,per_serving,qty: got 3 expected 0 | unit: got None expected g | context: got per_serving expected per_100g
incorrect,82.jpeg,Fat,0,g,per_100g,Fat,,,per_100g,qty: got None expected 0 | unit: got None expected g
incorrect,82.jpeg,Creatine monohydrate,100,g,per_100g,Creatine,,,per_100g,nutrient: no match | qty: got None expected 100 | unit: got None expected g
incorrect,82.jpeg,Creatine monohydrate,3,g,per_serving (3 g/1 level teaspoon),monohydrate,,,per_100g,nutrient: no match | qty: got None expected 3 | unit: got None expected g | context: got per_100g expected per_serving (3 g/1 level teaspoon)
missing,82.jpeg,Energy,0,kcal,per_100g,,,,,nutrient not found in predictions
missing,82.jpeg,Energy,0,kJ,per_serving (3 g/1 level teaspoon),,,,,nutrient not found in predictions
missing,82.jpeg,Energy,0,kcal,per_serving (3 g/1 level teaspoon),,,,,nutrient not found in predictions
missing,82.jpeg,Protein,0,g,per_serving (3 g/1 level teaspoon),,,,,nutrient not found in predictions
missing,82.jpeg,Carbohydrate,0,g,per_serving (3 g/1 level teaspoon),,,,,nutrient not found in predictions
missing,82.jpeg,Fat,0,g,per_serving (3 g/1 level teaspoon),,,,,nutrient not found in predictions
incorrect,88.png,Fat,0.7,g,per_100ml,Fat,23455,g,per_100ml,qty: got 23455 expected 0.7
incorrect,88.png,Saturated Fats,1.6,g,per_serving (330 ML),Saturated Fats,8.7,g,per_100ml,qty: got 8.7 expected 1.6 | context: got per_100ml expected per_serving (330 ML)
incorrect,88.png,Protein,26,g,per_serving (330 ML),Protein,11,g,per_serving,qty: got 11 expected 26
incorrect,88.png,Salt,0.33,g,per_serving (330 ML),Salt,26,g,per_serving,qty: got 26 expected 0.33
incorrect,88.png,Fat,2.3,g,per_serving (330 ML),Fat,330,ml,per_serving,qty: got 330 expected 2.3 | unit: got ml expected g
missing,88.png,Energy,234,kJ,per_100ml,,,,,nutrient not found in predictions
missing,88.png,Energy,55,kcal,per_100ml,,,,,nutrient not found in predictions
missing,88.png,Sugars,3.5,g,per_100ml,,,,,nutrient not found in predictions
missing,88.png,Energy,772,kJ,per_serving (330 ML),,,,,nutrient not found in predictions
missing,88.png,Energy,181,kcal,per_serving (330 ML),,,,,nutrient not found in predictions
missing,88.png,Sugars,11,g,per_serving (330 ML),,,,,nutrient not found in predictions
incorrect,9.jpeg,Zinc,5,mg,per_serving (pro 1 Tablette),Zinc,30,mg,per_daily_dose,qty: got 30 expected 5 | context: got per_daily_dose expected per_serving (pro 1 Tablette)
incorrect,9.jpeg,Vitamin C,30,mg,per_serving (pro 1 Tablette),Vitamin C,,,per_daily_dose,qty: got None expected 30 | unit: got None expected mg | context: got per_daily_dose expected per_serving (pro 1 Tablette)
incorrect,9.jpeg,Vitamin C,60,mg,per_daily_dose (pro 2 Tabletten),Vitamin Czuachten,60,mg,per_serving,nutrient: no match | context: got per_serving expected per_daily_dose (pro 2 Tabletten)
missing,9.jpeg,Zinc,10,mg,per_daily_dose (pro 2 Tabletten),,,,,nutrient not found in predictions
incorrect,90.png,Energy,192,kJ,per_100ml,Energy,192,g,per_100ml,unit: got g expected kJ
incorrect,90.png,Sugars,10,g,per_100ml,Sugars,<0.1,g,per_100ml,qty: got <0.1 expected 10
incorrect,90.png,Protein,< 0.1,g,per_100ml,Protein,0.16,g,per_100ml,qty: got 0.16 expected < 0.1
incorrect,90.png,Fat,0,g,per_daily_dose (2 Shots (60 ml)),Fat,115,g,per_daily_dose,qty: got 115 expected 0
incorrect,90.png,Energy,45,kcal,per_100ml,Energy,60,ml,per_daily_dose,qty: got 60 expected 45 | unit: got ml expected kcal | context: got per_daily_dose expected per_100ml
incorrect,90.png,Magnesium,56,mg,per_daily_dose (2 Shots (60 ml)),Magnesium,,,per_100ml,qty: got None expected 56 | unit: got None expected mg | context: got per_100ml expected per_daily_dose (2 Shots (60 ml))
missing,90.png,Salt,0.16,g,per_100ml,,,,,nutrient not found in predictions
missing,90.png,Energy,115,kJ,per_daily_dose (2 Shots (60 ml)),,,,,nutrient not found in predictions
missing,90.png,Energy,27,kcal,per_daily_dose (2 Shots (60 ml)),,,,,nutrient not found in predictions
incorrect,91.png,Fat,0.7,g,per_100ml,Fat,772,g,per_serving,qty: got 772 expected 0.7 | context: got per_serving expected per_100ml
incorrect,91.png,Saturated Fats,0.5,g,per_100ml,Saturated Fats,234,g,per_100ml,qty: got 234 expected 0.5
incorrect,91.png,Carbohydrate,4.1,g,per_100ml,Carbohydrate,0.7,g,per_100ml,qty: got 0.7 expected 4.1
incorrect,91.png,Sugars,8.5,g,per_100ml,Sugars,0.5,g,per_100ml,qty: got 0.5 expected 8.5
incorrect,91.png,Protein,8.0,g,per_100ml,Protein,13,g,per_serving,qty: got 13 expected 8.0 | context: got per_serving expected per_100ml
incorrect,91.png,Salt,0.10,g,per_100ml,Salt,4.1,g,per_100ml,qty: got 4.1 expected 0.10
incorrect,91.png,Saturated Fats,1.6,g,per_serving (PER DRINK (330 ML)),Saturated Fats,2.3,g,per_serving,qty: got 2.3 expected 1.6
incorrect,91.png,Carbohydrate,13,g,per_serving (PER DRINK (330 ML)),Carbohydrate,1.6,g,per_serving,qty: got 1.6 expected 13
incorrect,91.png,Energy,234,kJ,per_100ml,Energy,330,ml,per_serving,qty: got 330 expected 234 | unit: got ml expected kJ | context: got per_serving expected per_100ml
missing,91.png,Energy,55,kcal,per_100ml,,,,,nutrient not found in predictions
missing,91.png,Energy,772,kJ,per_serving (PER DRINK (330 ML)),,,,,nutrient not found in predictions
missing,91.png,Energy,181,kcal,per_serving (PER DRINK (330 ML)),,,,,nutrient not found in predictions
missing,91.png,Fat,2.3,g,per_serving (PER DRINK (330 ML)),,,,,nutrient not found in predictions
missing,91.png,Sugars,11,g,per_serving (PER DRINK (330 ML)),,,,,nutrient not found in predictions
missing,91.png,Protein,26,g,per_serving (PER DRINK (330 ML)),,,,,nutrient not found in predictions
missing,91.png,Salt,0.33,g,per_serving (PER DRINK (330 ML)),,,,,nutrient not found in predictions
