image_id,gt_nutrient,pred_nutrient,gt_qty,pred_qty,gt_unit,pred_unit,gt_context,pred_context,qty_match,unit_match,ctx_match,full_match_3f,full_match_4f
1.png,Magnesium (gesamt),Magnesium (gesamt,400,400,mg,mg,per_daily_dose,per_daily_dose,True,True,True,True,True
1.png,Magnesiumoxid,Magnesiumoxid,400,400,mg,mg,per_daily_dose,per_daily_dose,True,True,True,True,True
1.png,Magnesiumbisglycinat,Magnesiumbisglycinat,350,350,mg,mg,per_daily_dose,per_daily_dose,True,True,True,True,True
1.png,Magnesiummalat,Magnesiummalat,333,333,mg,mg,per_daily_dose,per_daily_dose,True,True,True,True,True
101.png,Energie,Energie,1625,1625,kJ,kj,per_100g,per_100g,True,True,True,True,True
101.png,Energie,Energie,383,383,kcal,kcal,per_100g,per_100g,True,True,True,True,True
101.png,Fett,Fett,0.8,0.8,g,g,per_100g,per_100g,True,True,True,True,True
101.png,- davon gesättigte Fettsäuren,-davon gesattigte Fettsauren,< 0.1,<0.1,g,g,per_100g,per_100g,True,True,True,True,True
101.png,Kohlenhydrate,Kohlenhydrate,86.1,86.1,g,g,per_100g,per_100g,True,True,True,True,True
101.png,- davon Zucker,-davon Zucker,8.9,8.9,g,g,per_100g,per_100g,True,True,True,True,True
101.png,Ballaststoffe,Ballaststoffe,3.0,3.0,g,g,per_100g,per_100g,True,True,True,True,True
101.png,Eiweiß,Eiweiss,6.3,6.3,g,g,per_100g,per_100g,True,True,True,True,True
101.png,Salz,Salz,0.09,0.09,g,g,per_100g,per_100g,True,True,True,True,True
101.png,Natrium,Natrium,36,36,mg,mg,per_100g,per_100g,True,True,True,True,True
101.png,Thiamin,Thiamin,0.44,6.3,mg,g,per_100g,per_100g,False,False,True,False,False
102.png,Energie,Energie,1502,1502,kJ,kj,per_100g,per_100g,True,True,True,True,True
102.png,Energie,Energie,356,356,kcal,kcal,per_100g,per_100g,True,True,True,True,True
102.png,Fett,Fett,7.7,7.7,g,g,per_100g,per_100g,True,True,True,True,True
102.png,Kohlenhydrate,Kohlenhydrate,63,63,g,g,per_100g,per_100g,True,True,True,True,True
102.png,- davon Zucker,-davon Zucker,31,31,g,g,per_100g,per_100g,True,True,True,True,True
102.png,Ballaststoffe,Ballaststoffe,5.1,5.1,g,g,per_100g,per_100g,True,True,True,True,True
102.png,Eiweiß,Eiweiss,5.9,5.9,g,g,per_100g,per_100g,True,True,True,True,True
102.png,Salz,Salz,0.14,0.14,g,g,per_100g,per_100g,True,True,True,True,True
102.png,- davon Zucker,-davon Zucker,3.9,3.9,g,g,per_serving (1 Riegel* (12.5 g)),per_daily_dose,True,True,False,True,False
102.png,Ballaststoffe,Ballaststoffe,0.6,0.6,g,g,per_serving (1 Riegel* (12.5 g)),per_daily_dose,True,True,False,True,False
102.png,Kohlenhydrate,Kohlenhydrate,7.9,31,g,g,per_serving (1 Riegel* (12.5 g)),per_100g,False,True,False,False,False
102.png,Eiweiß,Eiweiss,0.7,0.14,g,g,per_serving (1 Riegel* (12.5 g)),per_100g,False,True,False,False,False
102.png,Energie,Energie,188,1.0,kJ,g,per_serving (1 Riegel* (12.5 g)),per_daily_dose,False,False,False,False,False
102.png,- davon gesättigte Fettsäuren,davon gesattigte,1.1,1.1,g,g,per_100g,per_100g,True,True,True,False,False
102.png,- davon gesättigte Fettsäuren,davon gesattigte,0.1,0.1,g,g,per_serving (1 Riegel* (12.5 g)),per_daily_dose,True,True,False,False,False
102.png,Fett,Fettsauren,1.0,1.1,g,g,per_serving (1 Riegel* (12.5 g)),per_100g,False,True,False,False,False
103.jpeg,davon gesättigte Fettsäuren,davon gesattigte Fettsauren,0.4,0.4,g,g,per_100g,per_100g,True,True,True,True,True
103.jpeg,Kohlenhydrate,Kohlenhydrate,51,51,g,g,per_100g,per_100g,True,True,True,True,True
103.jpeg,davon Zucker,davon Zucker,51,51,g,g,per_100g,per_100g,True,True,True,True,True
103.jpeg,Ballaststoffe,Ballaststoffe,16,16,g,g,per_100g,per_100g,True,True,True,True,True
103.jpeg,Eiweiß,Eiweiss,7.7,7.7,g,g,per_100g,per_100g,True,True,True,True,True
103.jpeg,Kohlenhydrate,Kohlenhydrate,6.1,6.1,g,g,per_serving (pro Port. (12g)),per_serving,True,True,True,True,True
103.jpeg,davon Zucker,davon Zucker,6.1,6.1,g,g,per_serving (pro Port. (12g)),per_serving,True,True,True,True,True
103.jpeg,Ballaststoffe,Ballaststoffe,1.9,1.9,g,g,per_serving (pro Port. (12g)),per_serving,True,True,True,True,True
103.jpeg,Fett,Fett,0.4,0.4,g,g,per_serving (pro Port. (12g)),per_100g,True,True,False,True,False
103.jpeg,Fett,Fett,3.7,3.7,g,kcal,per_100g,per_100g,True,False,True,False,False
103.jpeg,Salz,Salz,0,7.7,g,g,per_100g,per_100g,False,True,True,False,False
103.jpeg,Eiweiß,Eiweiss,0.9,1.9,g,g,per_serving (pro Port. (12g)),per_serving,False,True,True,False,False
103.jpeg,Salz,Salz,0,66.0,g,g,per_serving (pro Port. (12g)),per_serving,False,True,True,False,False
103.jpeg,davon gesättigte Fettsäuren,davon gesattigte Fettsauren,0,3.7,g,kcal,per_serving (pro Port. (12g)),per_100g,False,False,False,False,False
104.jpeg,Fett,Fett,2.6,2.6,g,g,per_100g,per_100g,True,True,True,True,True
104.jpeg,davon gesättigte Fettsäuren,davon gesattigte Fettsauren,0.6,0.6,g,g,per_100g,per_100g,True,True,True,True,True
104.jpeg,Kohlenhydrate,Kohlenhydrate,72,72,g,g,per_100g,per_100g,True,True,True,True,True
104.jpeg,davon Zucker,davon Zucker,72,72,g,g,per_100g,per_100g,True,True,True,True,True
104.jpeg,Ballaststoffe,Ballaststoffe,10,10,g,g,per_100g,per_100g,True,True,True,True,True
104.jpeg,Salz,Salz,0.1,0.1,g,g,per_100g,per_100g,True,True,True,True,True
104.jpeg,Kohlenhydrate,Kohlenhydrate,10,10,g,g,per_serving (pro Port. (14g)),per_serving,True,True,True,True,True
104.jpeg,davon Zucker,davon Zucker,10,10,g,g,per_serving (pro Port. (14g)),per_serving,True,True,True,True,True
104.jpeg,Ballaststoffe,Ballaststoffe,1.4,1.4,g,g,per_serving (pro Port. (14g)),per_serving,True,True,True,True,True
104.jpeg,Salz,Salz,0,0,g,g,per_serving (pro Port. (14g)),per_serving,True,True,True,True,True
104.jpeg,davon gesättigte Fettsäuren,davon gesattigte Fettsauren,0,2.6,g,g,per_serving (pro Port. (14g)),per_100g,False,True,False,False,False
104.jpeg,Fett,Fett,0,361,g,kcal,per_serving (pro Port. (14g)),per_100g,False,False,False,False,False
105.png,Energie,Energie,1320,1320,kJ,kj,per_100g,per_100g,True,True,True,True,True
105.png,Fett,Fett,2.7,2.7,g,g,per_100g,per_100g,True,True,True,True,True
105.png,- davon Zucker,-davon Zucker,51.4,51.4,g,g,per_100g,per_100g,True,True,True,True,True
105.png,Ballaststoffe,Ballaststoffe,15.5,15.5,g,g,per_100g,per_100g,True,True,True,True,True
105.png,Eiweiß,Eiweiss,7.0,7.0,g,g,per_100g,per_100g,True,True,True,True,True
105.png,Salz,Salz,0.03,0.03,g,g,per_100g,per_100g,True,True,True,True,True
105.png,Energie,Energie,158,158,kJ,kj,per_serving (1 Portion* (12 g)),per_100g,True,True,False,True,False
105.png,Energie,Energie,38,38,kcal,kcal,per_serving (1 Portion* (12 g)),per_100g,True,True,False,True,False
105.png,Fett,Fett,0.3,0.3,g,g,per_serving (1 Portion* (12 g)),per_100g,True,True,False,True,False
105.png,Kohlenhydrate,Kohlenhydrate,52.1,6.2,g,g,per_100g,per_100g,False,True,True,False,False
105.png,- davon Zucker,-davon Zucker,6.2,1.9,g,g,per_serving (1 Portion* (12 g)),per_100g,False,True,False,False,False
105.png,Ballaststoffe,Ballaststoffe,1.9,0.8,g,g,per_serving (1 Portion* (12 g)),per_100g,False,True,False,False,False
105.png,Eiweiß,Eiweiss,0.8,0.00,g,g,per_serving (1 Portion* (12 g)),per_100g,False,True,False,False,False
105.png,- davon gesättigte Fettsäuren,Fettsauren,0.4,0.4,g,g,per_100g,per_100g,True,True,True,False,False
105.png,- davon gesättigte Fettsäuren,davon gesattigte,0.0,0.0,g,g,per_serving (1 Portion* (12 g)),per_100g,True,True,False,False,False
106.png,Magnesium / Magnésium / Magnesio / Magnézium / Magnezij,Magnesio/Magnezium,250,250,mg,mg,per_serving (Pro Stick),,True,True,False,False,False
106.png,Vitamin E / Vitamine E / Vitamina E / E-vitamin / Vitamin E,VitaminE,12,12,mg α-TE,mg a-te,per_serving (Pro Stick),,True,False,False,False,False
107.png,Vitamin B1,Vitamin B1,1.1,1.1,mg,mg,per_daily_dose (1 Tablette (4.3 g)*),per_daily_dose,True,True,True,True,True
107.png,Vitamin B2,Vitamin B2,1.4,1.4,mg,mg,per_daily_dose (1 Tablette (4.3 g)*),per_daily_dose,True,True,True,True,True
107.png,Vitamin B6,Vitamin B6,1.4,1.4,mg,mg,per_daily_dose (1 Tablette (4.3 g)*),per_daily_dose,True,True,True,True,True
107.png,Niacin,Niacin,16,16,mg NE,mg ne,per_daily_dose (1 Tablette (4.3 g)*),per_daily_dose,True,True,True,True,True
107.png,Vitamin E,Vitamin E,12,12,mg α-TE,mg a-te,per_daily_dose (1 Tablette (4.3 g)*),per_daily_dose,True,False,True,False,False
107.png,Biotin,Biotin,50,50,µg,g,per_daily_dose (1 Tablette (4.3 g)*),per_daily_dose,True,False,True,False,False
107.png,Folsäure,Folsaure,200,200,µg,g,per_daily_dose (1 Tablette (4.3 g)*),per_daily_dose,True,False,True,False,False
107.png,Vitamin B12,Vitamin B12,2.5,80,µg,mg,per_daily_dose (1 Tablette (4.3 g)*),per_daily_dose,False,False,True,False,False
107.png,Pantothensäure,Pantothensaure,6,,mg,,per_daily_dose (1 Tablette (4.3 g)*),per_daily_dose,False,False,True,False,False
108.jpeg,Magnesium,Magnesium,240,240,mg,mg,per_daily_dose (1 Tablette (5.6 g)*),per_daily_dose,True,True,True,True,True
108.jpeg,Vitamin B1,Vitamin B1,1.1,1.1,mg,mg,per_daily_dose (1 Tablette (5.6 g)*),per_daily_dose,True,True,True,True,True
108.jpeg,Vitamin B2,Vitamin B2,1.4,1.4,mg,mg,per_daily_dose (1 Tablette (5.6 g)*),per_daily_dose,True,True,True,True,True
108.jpeg,Vitamin B6,Vitamin B6,1.4,1.4,mg,mg,per_daily_dose (1 Tablette (5.6 g)*),per_daily_dose,True,True,True,True,True
108.jpeg,Pantothensäure,Pantothensaure,6.0,6.0,mg,mg,per_daily_dose (1 Tablette (5.6 g)*),per_daily_dose,True,True,True,True,True
108.jpeg,Folsäure,Folsaure,200,200,µg,g,per_daily_dose (1 Tablette (5.6 g)*),per_daily_dose,True,False,True,False,False
108.jpeg,Vitamin B12,Vitamin B12,2.5,80,µg,mg,per_daily_dose (1 Tablette (5.6 g)*),per_daily_dose,False,False,True,False,False
108.jpeg,Biotin,Biotin,50,200,µg,g,per_daily_dose (1 Tablette (5.6 g)*),per_daily_dose,False,False,True,False,False
109.jpeg,Brennwert,Brennwert,420,420,kJ,kj,per_100g,per_100g,True,True,True,True,True
109.jpeg,Brennwert,Brennwert,99,99,kcal,kcal,per_100g,per_100g,True,True,True,True,True
109.jpeg,Fett,Fett,0,0,g,g,per_100g,per_100g,True,True,True,True,True
109.jpeg,Kohlenhydrate,Kohlenhydrate,12.0,12.0,g,g,per_100g,per_100g,True,True,True,True,True
109.jpeg,- davon Zucker,-davon Zucker,9.8,9.8,g,g,per_100g,per_100g,True,True,True,True,True
109.jpeg,Ballaststoffe,Ballaststoffe,1.5,1.5,g,g,per_100g,per_100g,True,True,True,True,True
109.jpeg,Eiweiß,Eiweiss,11.0,11.0,g,g,per_100g,per_100g,True,True,True,True,True
109.jpeg,Salz,Salz,0.05,0.05,g,g,per_100g,per_100g,True,True,True,True,True
109.jpeg,- davon gesättigte Fettsäuren,davon gesattigte,0.2,0.2,g,g,per_100g,per_100g,True,True,True,False,False
110.jpeg,Niacin,Niacin,8.0,8.0,mg NE,mg ne,per_serving (pro Stick),per_serving,True,True,True,True,True
110.jpeg,Pantothensäure,Pantothensaure,3.0,3.0,mg,mg,per_serving (pro Stick),per_serving,True,True,True,True,True
110.jpeg,Niacin,Niacin,16,16,mg NE,mg ne,per_daily_dose (pro 2 Sticks),per_daily_dose,True,True,True,True,True
110.jpeg,Pantothensäure,Pantothensaure,6.0,6.0,mg,mg,per_daily_dose (pro 2 Sticks),per_daily_dose,True,True,True,True,True
111.jpeg,Vitamin B12,Vitamin B12,17.5,17.5,µg,g,per_daily_dose (1 Tagesdosis (8 ml)),1 tagesdosis (8 ml),True,False,False,False,False
113.jpeg,BALLASTSTOFFE,Ballaststoffe,1.9,1.9,g,g,per_100g,per_100g,True,True,True,True,True
113.jpeg,KOFFEIN,KOFFEIN,267,267,mg,mg,per_100g,per_100g,True,True,True,True,True
113.jpeg,FETT,FETT,1.3,1.3,g,g,per_serving (30 g PULVER IN 250ml WASSER),per_serving,True,True,True,True,True
113.jpeg,KOHLENHYDRATE,Kohlenhydrate,2.3,2.3,g,g,per_serving (30 g PULVER IN 250ml WASSER),per_serving,True,True,True,True,True
113.jpeg,BALLASTSTOFFE,Ballaststoffe,0.6,0.6,g,g,per_serving (30 g PULVER IN 250ml WASSER),per_serving,True,True,True,True,True
113.jpeg,EIWEIẞ,Eiweiss,21.8,21.8,g,g,per_serving (30 g PULVER IN 250ml WASSER),per_serving,True,True,True,True,True
113.jpeg,KOFFEIN,KOFFEIN,80,80,mg,mg,per_serving (30 g PULVER IN 250ml WASSER),per_serving,True,True,True,True,True
113.jpeg,FETT,FETT,4.5,6,g,g,per_100g,per_100g,False,True,True,False,False
113.jpeg,KOHLENHYDRATE,Kohlenhydrate,7.7,3,g,g,per_100g,per_100g,False,True,True,False,False
113.jpeg,EIWEIẞ,Eiweiss,72.7,1.9,g,g,per_100g,per_100g,False,True,True,False,False
113.jpeg,SALZ,SALZ,0.53,72.7,g,g,per_100g,per_100g,False,True,True,False,False
113.jpeg,SALZ,SALZ,0.17,145,g,g,per_serving (30 g PULVER IN 250ml WASSER),per_100g,False,True,False,False,False
113.jpeg,ENERGIE kcal,Energie,369,11,kcal,kcal,per_100g,per_100g,False,True,True,False,False
113.jpeg,DAVON GESÄTTIGTE FETTSÄUREN,FETT,3.1,2,g,g,per_100g,per_serving,False,True,False,False,False
114.jpeg,ENERGIE,Energie,1541,1541,kJ,kj,per_100g,per_100g,True,True,True,True,True
114.jpeg,FETT,FETT,4.8,4.8,g,g,per_100g,per_100g,True,True,True,True,True
114.jpeg,KOHLENHYDRATE,Kohlenhydrate,8.8,8.8,g,g,per_100g,per_100g,True,True,True,True,True
114.jpeg,BALLASTSTOFFE,Ballaststoffe,2.8,2.8,g,g,per_100g,per_100g,True,True,True,True,True
114.jpeg,EIWEIẞ,Eiweiss,70.1,70.1,g,g,per_100g,per_100g,True,True,True,True,True
114.jpeg,SALZ,SALZ,0.51,0.51,g,g,per_100g,per_100g,True,True,True,True,True
114.jpeg,KOFFEIN,KOFFEIN,268,268,mg,mg,per_100g,per_100g,True,True,True,True,True
114.jpeg,ENERGIE,Energie,462,462,kJ,kj,per_serving (30 g PULVER IN 250ml WASSER),per_serving,True,True,True,True,True
114.jpeg,KOHLENHYDRATE,Kohlenhydrate,2.6,2.6,g,g,per_serving (30 g PULVER IN 250ml WASSER),per_serving,True,True,True,True,True
114.jpeg,BALLASTSTOFFE,Ballaststoffe,0.9,0.9,g,g,per_serving (30 g PULVER IN 250ml WASSER),per_serving,True,True,True,True,True
114.jpeg,SALZ,SALZ,0.17,0.17,g,g,per_serving (30 g PULVER IN 250ml WASSER),per_serving,True,True,True,True,True
114.jpeg,KOFFEIN,KOFFEIN,80,80,mg,mg,per_serving (30 g PULVER IN 250ml WASSER),per_serving,True,True,True,True,True
114.jpeg,FETT,FETT,1.4,1,g,g,per_serving (30 g PULVER IN 250ml WASSER),per_100g,False,True,False,False,False
114.jpeg,EIWEIẞ,Eiweiss,21.0,140,g,g,per_serving (30 g PULVER IN 250ml WASSER),per_100g,False,True,False,False,False
114.jpeg,DAVON GESÄTTIGTE FETTSÄUREN,FETT,3.3,148,g,g,per_100g,per_serving,False,True,False,False,False
115.png,Brennwert,Brennwert,438,438,kJ,kj,per_100g,per_100g,True,True,True,True,True
115.png,Brennwert,Brennwert,103,103,kcal,kcal,per_100g,per_100g,True,True,True,True,True
115.png,Fett,Fett,0,0,g,g,per_100g,per_100g,True,True,True,True,True
115.png,Kohlenhydrate,Kohlenhydrate,12.0,12.0,g,g,per_100g,per_100g,True,True,True,True,True
115.png,- davon Zucker,- davon Zucker,10.0,10.0,g,g,per_100g,per_100g,True,True,True,True,True
115.png,Ballaststoffe,Ballaststoffe,1.6,1.6,g,g,per_100g,per_100g,True,True,True,True,True
115.png,Eiweiß,Eiweiss,11.0,11.0,g,g,per_100g,per_100g,True,True,True,True,True
115.png,Salz,Salz,0.05,,g,,per_100g,per_100g,False,False,True,False,False
115.png,- davon gesättigte Fettsäuren,davon gesattigte,0.2,0.2,g,g,per_100g,per_100g,True,True,True,False,False
116.jpeg,FETT:,FETT:,12.0,12.0,g,g,per_100g,per_100g,True,True,True,True,True
116.jpeg,KOHLENHYDRATE:,KOHLENHYDRATE:,27.0,27.0,g,g,per_100g,per_100g,True,True,True,True,True
116.jpeg,BALLASTSTOFFE,Ballaststoffe,12.0,12.0,g,g,per_100g,per_100g,True,True,True,True,True
116.jpeg,EIWEIẞ,Eiweiss,41.0,41.0,g,g,per_100g,per_100g,True,True,True,True,True
116.jpeg,SALZ,SALZ,2.02,2.02,g,g,per_100g,per_100g,True,True,True,True,True
116.jpeg,FETT:,FETT:,3.5,3.5,g,g,per_serving (PORTION**),per_serving,True,True,True,True,True
116.jpeg,KOHLENHYDRATE:,KOHLENHYDRATE:,8.2,8.2,g,g,per_serving (PORTION**),per_serving,True,True,True,True,True
116.jpeg,BALLASTSTOFFE,Ballaststoffe,3.7,3.7,g,g,per_serving (PORTION**),per_serving,True,True,True,True,True
116.jpeg,EIWEIẞ,Eiweiss,12.0,12.0,g,g,per_serving (PORTION**),per_serving,True,True,True,True,True
116.jpeg,SALZ,SALZ,0.61,0.61,g,g,per_serving (PORTION**),per_serving,True,True,True,True,True
116.jpeg,- DAVON GESÄTTIGTE FETTSÄUREN,davon gesattigte,1.4,1.4,g,g,per_100g,per_100g,True,True,True,False,False
116.jpeg,- DAVON GESÄTTIGTE FETTSÄUREN,davon gesattigte,0.4,0.4,g,g,per_serving (PORTION**),per_serving,True,True,True,False,False
117.jpeg,SALZ,SALZ,0.04,0.04,g,g,per_serving (45 g),per_serving,True,True,True,True,True
117.jpeg,ENERGIE,ENERGIE,728,728,kJ,kj/kcal,per_serving (45 g),per_serving,True,False,True,False,False
117.jpeg,ENERGIE,ENERGIE,173,173,kcal,kj/kcal,per_serving (45 g),per_serving,True,False,True,False,False
117.jpeg,FETT,FETT,6.1,6.1,g,,per_serving (45 g),per_serving,True,False,True,False,False
117.jpeg,KOHLENHYDRATE,Kohlenhydrate,16.7,6.1,g,,per_serving (45 g),per_serving,False,False,True,False,False
117.jpeg,BALLASTSTOFFE,Ballaststoffe,4.0,,g,,per_serving (45 g),per_serving,False,False,True,False,False
117.jpeg,EIWEIẞ,Eiweiss,11.0,,g,,per_serving (45 g),per_serving,False,False,True,False,False
118.jpeg,FETT:,FETT:,10,2.1,g,g,per_100g,per_serving,False,True,False,False,False
118.jpeg,KOHLENHYDRATE:,KOHLENHYDRATE:,48,3.2,g,g,per_100g,per_serving,False,True,False,False,False
118.jpeg,BALLASTSTOFFE,Ballaststoffe,3.0,19,g,g,per_100g,per_serving,False,True,False,False,False
118.jpeg,EIWEIẞ,Eiweiss,24,0.56,g,g,per_100g,per_serving,False,True,False,False,False
118.jpeg,FETT:,FETT:,8.0,48,g,g,per_serving (80 g),per_100g,False,True,False,False,False
118.jpeg,KOHLENHYDRATE:,KOHLENHYDRATE:,38,4.0,g,g,per_serving (80 g),per_100g,False,True,False,False,False
118.jpeg,BALLASTSTOFFE,Ballaststoffe,2.4,24,g,g,per_serving (80 g),per_100g,False,True,False,False,False
118.jpeg,EIWEIẞ,Eiweiss,19,0.70,g,g,per_serving (80 g),per_100g,False,True,False,False,False
119.jpeg,FETT:,FETT:,11,24,g,g,per_100g,per_serving,False,True,False,False,False
119.jpeg,KOHLENHYDRATE:,KOHLENHYDRATE:,47,3.2,g,g,per_100g,per_serving,False,True,False,False,False
119.jpeg,BALLASTSTOFFE,Ballaststoffe,4.5,19,g,g,per_100g,per_serving,False,True,False,False,False
119.jpeg,EIWEIẞ,Eiweiss,24,0.56,g,g,per_100g,per_serving,False,True,False,False,False
119.jpeg,SALZ,SALZ,0.70,21,g,g,per_100g,per_100g,False,True,True,False,False
119.jpeg,FETT:,FETT:,8.4,3.0,g,g,per_serving (80 g),per_100g,False,True,False,False,False
119.jpeg,KOHLENHYDRATE:,KOHLENHYDRATE:,38,4.0,g,g,per_serving (80 g),per_100g,False,True,False,False,False
119.jpeg,BALLASTSTOFFE,Ballaststoffe,3.6,24,g,g,per_serving (80 g),per_100g,False,True,False,False,False
119.jpeg,EIWEIẞ,Eiweiss,19,0.70,g,g,per_serving (80 g),per_100g,False,True,False,False,False
119.jpeg,SALZ,SALZ,0.56,17,g,g,per_serving (80 g),per_serving,False,True,True,False,False
12.png,Eiwitten / Proteiinit / Protéines / Protein / Białko / Protein,Eiwitten / Proteiinit / Proteines / Protein / Bialko / Protein,0.1,0.1,g,g,per_100ml,per_100ml,True,True,True,True,True
12.png,Eiwitten / Proteiinit / Protéines / Protein / Białko / Protein,Eiwitten / Proteiinit / Proteines / Protein / Bialko / Protein,0.0,0.0,g,g,per_serving (60ml),per_serving,True,True,True,True,True
12.png,Energie / Energia / Energie / Energi / Energia / Energi,Energie / Energi,129,129,kcal,kcal,per_100ml,per_100ml,True,True,True,False,False
12.png,Vetten / Rasva / Matières grasses / Fett / Tłuszcze / Fett,Fatten/ Rasva / Matiéres grasses / Fett/ Tlustcze / Fett,0.0,0.0,g,g,per_100ml,per_100ml,True,True,True,False,False
12.png,waarvan verzadigde vetzuren / josta tyydyttyneiden rasvojen osuus / dont matières grasses saturées / med andel mættet fett / w tym tłuszcze nasycone / varav mättat fett,sattnat fett / w tym tluszcze nasycone / varav mattat fat,0.0,0.0,g,g,per_100ml,per_serving,True,True,False,False,False
12.png,Koolhydraten / Hiilihydraatit / Glucides / Karbohydrater / Węglowodany / Kolhydrater,Koolhydraten / Hillhydraatit / Glucides / Karbohydrater,32,32,g,g,per_100ml,per_100ml,True,True,True,False,False
12.png,waarvan suikers / josta sokereiden osuus / dont sucres / med andel sukker / w tym cukry / varav socker,waarvan sukers / josta sokereiden osuus / dont sucres,1.1,1.1,g,g,per_100ml,per_100ml,True,True,True,False,False
12.png,Energie / Energia / Energie / Energi / Energia / Energi,Energie / Energi,77,77,kcal,kcal,per_serving (60ml),per_serving,True,True,True,False,False
12.png,Koolhydraten / Hiilihydraatit / Glucides / Karbohydrater / Węglowodany / Kolhydrater,Koolhydraten / Hillhydraatit / Glucides / Karbohydrater,19,19,g,g,per_serving (60ml),per_serving,True,True,True,False,False
12.png,waarvan suikers / josta sokereiden osuus / dont sucres / med andel sukker / w tym cukry / varav socker,waarvan sukers / josta sokereiden osuus / dont sucres,0.7,0.7,g,g,per_serving (60ml),per_serving,True,True,True,False,False
120.jpeg,INOSITOL,INOSITOL,100,100,mg,mg,per_daily_dose (10 G),per_daily_dose,True,True,True,True,True
120.jpeg,CHOLIN,choline,20,20,mg,mg,per_daily_dose (10 G),per_daily_dose,True,True,True,True,True
120.jpeg,NIACIN,Niacin,16,16,mg,mg,per_daily_dose (10 G),per_daily_dose,True,True,True,True,True
120.jpeg,PANTOTHENSÄURE,Pantothensaure,5,5,mg,mg,per_daily_dose (10 G),per_daily_dose,True,True,True,True,True
120.jpeg,CALCIUM,Calcium,121,121,mg,mg,per_daily_dose (10 G),per_daily_dose,True,True,True,True,True
120.jpeg,ZINK,ZINK,6.5,6.5,mg,mg,per_daily_dose (10 G),per_daily_dose,True,True,True,True,True
120.jpeg,KUPFER,KUPFER,1,1,mg,mg,per_daily_dose (10 G),per_daily_dose,True,True,True,True,True
120.jpeg,MANGAN,MANGAN,0.4,0.4,mg,mg,per_daily_dose (10 G),per_daily_dose,True,True,True,True,True
120.jpeg,FOLSÄURE,Folsaure,200,200,µg,g,per_daily_dose (10 G),per_daily_dose,True,False,True,False,False
120.jpeg,BIOTIN,Biotin,40,40,µg,g,per_daily_dose (10 G),per_daily_dose,True,False,True,False,False
120.jpeg,JOD,Jod,100,100,µg,g,per_daily_dose (10 G),per_daily_dose,True,False,True,False,False
120.jpeg,SELEN,SELEN,22,22,µg,g,per_daily_dose (10 G),per_daily_dose,True,False,True,False,False
120.jpeg,CHROM,CHROM,25,25,µg,g,per_daily_dose (10 G),per_daily_dose,True,False,True,False,False
120.jpeg,MOLYBDÄN,MOLYBDAN,45,45,µg,g,per_daily_dose (10 G),per_daily_dose,True,False,True,False,False
120.jpeg,ALPHA-LIPONSÄURE,ON,42,6.5,mg,mg,per_daily_dose (10 G),per_daily_dose,False,True,True,False,False
120.jpeg,LACTOBACILLUS ACIDOPHILUS,HI,3.6 x 10^8,250,KBE,mg,per_daily_dose (10 G),per_daily_dose,False,False,True,False,False
121.jpeg,FETT:,FETT:,12,12,g,g,per_100g,per_100g,True,True,True,True,True
121.jpeg,KOHLENHYDRATE:,KOHLENHYDRATE:,20,20,g,g,per_100g,per_100g,True,True,True,True,True
121.jpeg,BALLASTSTOFFE,Ballaststoffe,18,18,g,g,per_100g,per_100g,True,True,True,True,True
121.jpeg,EIWEISS,Eiweiss,35,35,g,g,per_100g,per_100g,True,True,True,True,True
121.jpeg,SALZ,SALZ,0.20,0.20,g,g,per_100g,per_100g,True,True,True,True,True
121.jpeg,FETT:,FETT:,5.2,5.2,g,g,per_serving (45g),per_serving,True,True,True,True,True
121.jpeg,KOHLENHYDRATE:,KOHLENHYDRATE:,9.1,9.1,g,g,per_serving (45g),per_serving,True,True,True,True,True
121.jpeg,EIWEISS,Eiweiss,16,16,g,g,per_serving (45g),per_serving,True,True,True,True,True
121.jpeg,SALZ,SALZ,0.09,0.09,g,g,per_serving (45g),per_serving,True,True,True,True,True
121.jpeg,BALLASTSTOFFE,Ballaststoffe,7.9,79,g,g,per_serving (45g),per_serving,False,True,True,False,False
15.png,Salz/Salt,Salz/Salt,15.0,15.0,g,g,per_100g,per_100g,True,True,True,True,True
15.png,Magnesium,Magnesium,670,670,mg,mg,per_100g,per_100g,True,True,True,True,True
15.png,Calcium,Calcium,1428,1428,mg,mg,per_100g,per_100g,True,True,True,True,True
15.png,Salz/Salt,Salz/Salt,0.63,0.63,g,g,per_serving (4.2 g),per_serving,True,True,True,True,True
15.png,Magnesium,Magnesium,28.1,28.1,mg,mg,per_serving (4.2 g),per_serving,True,True,True,True,True
15.png,Calcium,Calcium,60,60,mg,mg,per_serving (4.2 g),per_serving,True,True,True,True,True
15.png,Salz/Salt,Salz/Salt,1.26,1.26,g,g,per_daily_dose (2 x 4.2 g),per_daily_dose,True,True,True,True,True
15.png,Natrium/Sodium,Natrium/Sodium,500,500,mg,mg,per_daily_dose (2 x 4.2 g),per_daily_dose,True,True,True,True,True
15.png,Magnesium,Magnesium,56.3,56.3,mg,mg,per_daily_dose (2 x 4.2 g),per_daily_dose,True,True,True,True,True
15.png,Calcium,Calcium,120,120,mg,mg,per_daily_dose (2 x 4.2 g),per_daily_dose,True,True,True,True,True
15.png,Natrium/Sodium,Natrium/Sodium,5.952,5962,mg,mg,per_100g,per_100g,False,True,True,False,False
15.png,Natrium/Sodium,Natrium/Sodium,250,200,mg,mg,per_serving (4.2 g),per_serving,False,True,True,False,False
17.png,Caffeine,Caffeine,100,100,mg,mg,per_serving (piece),per_serving,True,True,True,True,True
17.png,Vitamin B3,Vitamin B3,2.4,2.4,mg NE,mg ne,per_serving (piece),per_serving,True,True,True,True,True
17.png,Vitamin B6,Vitamin B6,0.22,0.22,mg,mg,per_serving (piece),per_serving,True,True,True,True,True
2.png,Kohlenhydrate/carbohydrates,Kohlenhydrate/carbohydrates,70,70,g,g,per_100g,per_100g,True,True,True,True,True
2.png,davon Zuckerarten/of which sugars,davon Zuckerarten/of which sugars,33,33,g,g,per_100g,per_100g,True,True,True,True,True
2.png,Eiweiss/Protein,Eiweiss/Protein,0,0,g,g,per_100g,per_100g,True,True,True,True,True
2.png,Salz/salt,Salz/salt,0.43,0.43,g,g,per_100g,per_100g,True,True,True,True,True
2.png,Kohlenhydrate/carbohydrates,Kohlenhydrate/carbohydrates,50,50,g,g,per_serving (1 Tube (70g)),per_daily_dose,True,True,False,True,False
2.png,davon Zuckerarten/of which sugars,davon Zuckerarten/of which sugars,25,25,g,g,per_serving (1 Tube (70g)),per_daily_dose,True,True,False,True,False
2.png,Salz/salt,Salz/salt,0.30,0.30,g,g,per_serving (1 Tube (70g)),per_daily_dose,True,True,False,True,False
2.png,Fett/fat,Fett/fat,0,1616,g,,per_100g,per_100g,False,False,True,False,False
2.png,davon gesättigte Fettsäuren/of which saturates,of which saturates,0,70,g,g,per_100g,per_100g,False,True,True,False,False
2.png,davon gesättigte Fettsäuren/of which saturates,of which saturates,0,50,g,g,per_serving (1 Tube (70g)),per_daily_dose,False,True,False,False,False
2.png,Fett/fat,davon gesattigte Fettsauren,0,1616,g,,per_serving (1 Tube (70g)),per_100g,False,False,False,False,False
20.png,Kohlenhydrate/Carbohydrate,Kohlenhydrate/Carbohydrate,78.1,78.1,g,g,per_100g (100 g Pulver),per_100g,True,True,True,True,True
20.png,Natrium/Sodium,Natrium/Sodium,667,667,mg,mg,per_100g (100 g Pulver),per_100g,True,True,True,True,True
20.png,Kalium/Potassium,Kalium/Potassium,667,667,mg,mg,per_100g (100 g Pulver),per_100g,True,True,True,True,True
20.png,Calcium,Calcium,800,800,mg,mg,per_100g (100 g Pulver),per_100g,True,True,True,True,True
20.png,Magnesium,Magnesium,300,300,mg,mg,per_100g (100 g Pulver),per_100g,True,True,True,True,True
20.png,Phosphor/Phosphorus,Phosphor/Phosphorus,800,800,mg,mg,per_100g (100 g Pulver),per_100g,True,True,True,True,True
20.png,Pantothensäure/Pantothenic Acid,Pantothensaure/Pantothenic Acid,40,40,mg,mg,per_100g (100 g Pulver),per_100g,True,True,True,True,True
20.png,Brennwert/Energy Value,Brennwert/Energy Value,223,223,kJ,kj,per_daily_dose (1 Portion = 15 g),per_daily_dose,True,True,True,True,True
20.png,Natrium/Sodium,Natrium/Sodium,100,100,mg,mg,per_daily_dose (1 Portion = 15 g),per_daily_dose,True,True,True,True,True
20.png,Selen/Selenium,Selen/Selenium,200,200,µg,g,per_100g (100 g Pulver),per_100g,True,False,True,False,False
20.png,Folsäure/Folic Acid,Folsaure/Folic Acid,1333,1333,µg,g,per_100g (100 g Pulver),per_100g,True,False,True,False,False
20.png,Vitamin B12,Vitamin B12,6.7,6.7,µg,g,per_100g (100 g Pulver),per_100g,True,False,True,False,False
20.png,Biotin,biotin,1000,1000,µg,g,per_100g (100 g Pulver),per_100g,True,False,True,False,False
20.png,Vitamin B1,Vitamin B1,200,200,µg,g,per_daily_dose (1 Portion = 15 g),per_daily_dose,True,False,True,False,False
20.png,Vitamin B6,Vitamin B6,13.3,40,mg,mg,per_100g (100 g Pulver),per_100g,False,True,True,False,False
20.png,Vitamin B1,Vitamin B1,9.3,13.3,mg,mg,per_100g (100 g Pulver),per_100g,False,True,True,False,False
20.png,Kohlenhydrate/Carbohydrate,Kohlenhydrate/Carbohydrate,11.7,<0.1,g,g,per_daily_dose (1 Portion = 15 g),per_daily_dose,False,True,True,False,False
20.png,Kalium/Potassium,Kalium/Potassium,100,120,mg,mg,per_daily_dose (1 Portion = 15 g),per_daily_dose,False,True,True,False,False
20.png,Calcium,Calcium,120,45,mg,mg,per_daily_dose (1 Portion = 15 g),per_daily_dose,False,True,True,False,False
20.png,Magnesium,Magnesium,45,800,mg,mg,per_daily_dose (1 Portion = 15 g),per_100g,False,True,False,False,False
20.png,Phosphor/Phosphorus,Phosphor/Phosphorus,120,667,mg,mg,per_daily_dose (1 Portion = 15 g),per_100g,False,True,False,False,False
20.png,Pantothensäure/Pantothenic Acid,Pantothensaure/Pantothenic Acid,6,1.6,mg,mg,per_daily_dose (1 Portion = 15 g),per_daily_dose,False,True,True,False,False
20.png,Brennwert/Energy Value,Brennwert/Energy Value,1474,<0.1,kJ,g,per_100g (100 g Pulver),per_daily_dose,False,False,False,False,False
20.png,Niacin,Niacin,240,800,mg NE,mg,per_100g (100 g Pulver),per_100g,False,False,True,False,False
20.png,Selen/Selenium,Selen/Selenium,33,800,µg,mg,per_daily_dose (1 Portion = 15 g),per_100g,False,False,False,False,False
20.png,Niacin,Niacin,16,10,mg NE,mg a-te,per_daily_dose (1 Portion = 15 g),per_daily_dose,False,False,True,False,False
20.png,Vitamin B6,Vitamin B6,1,200,mg,g,per_daily_dose (1 Portion = 15 g),per_daily_dose,False,False,True,False,False
20.png,Folsäure/Folic Acid,Folsaure/Folic Acid,200,9.3,µg,mg,per_daily_dose (1 Portion = 15 g),per_100g,False,False,False,False,False
20.png,Vitamin B12,Vitamin B12,1,1333,µg,g,per_daily_dose (1 Portion = 15 g),per_100g,False,False,False,False,False
20.png,Biotin,biotin,153,1333,µg,g,per_daily_dose (1 Portion = 15 g),per_100g,False,False,False,False,False
20.png,Eiweiß/Protein,EwebB/Protein,0.1,<0.1,g,g,per_100g (100 g Pulver),per_100g,True,True,True,False,False
20.png,Fett/Fat,Fatt/Fat,0.5,<0.5,g,g,per_100g (100 g Pulver),per_100g,True,True,True,False,False
20.png,Eiweiß/Protein,EwebB/Protein,0.1,11.7,g,g,per_daily_dose (1 Portion = 15 g),per_daily_dose,False,True,True,False,False
20.png,Fett/Fat,Fatt/Fat,0.1,58,g,g,per_daily_dose (1 Portion = 15 g),per_daily_dose,False,True,True,False,False
201.jpeg,Energie/ Energy/ Energie/ Énergie/ Wartość energetyczna/ Energetická hodnota/ Energia/ Energia/ Valor energético/ Energia,Energie/ Energy/Energie/Energie/Wartosc energetyczna/Energeticka,1642,1642,kJ,kj,per_100g,per_100g,True,True,True,False,False
201.jpeg,Energie/ Energy/ Energie/ Énergie/ Wartość energetyczna/ Energetická hodnota/ Energia/ Energia/ Valor energético/ Energia,Energie/ Energy/Energie/Energie/Wartosc energetyczna/Energeticka,392,392,kcal,kcal,per_100g,per_100g,True,True,True,False,False
201.jpeg,Eiwitten/ Protein/ Eiweiß/ Protéines/ Białko/ Bílkoviny/ Proteine/ Bielkoviny/ Proteínas/ Proteínas,Eiwitten/Protein/Eiweib/Protéines/Biatko/Bilkoviny/Proteine/Bielkoviny,77,77,g,g,per_100g,per_100g,True,True,True,False,False
201.jpeg,Zout/ Salt/ Salz/ Sel/ Sól/ Sůl/ Sale/ Sol/ Sal/ Sal,Zout/Salt/Salz/Sel/Sol/Sul/Sale/Sol/Sal/Sal,0.05,0.05,g,g,per_100g,per_100g,True,True,True,False,False
201.jpeg,Energie/ Energy/ Energie/ Énergie/ Wartość energetyczna/ Energetická hodnota/ Energia/ Energia/ Valor energético/ Energia,Energie/ Energy/Energie/Energie/Wartosc energetyczna/Energeticka,493,493,kJ,kj,per_serving (30 g (1 Scoop)),por 30go,True,True,False,False,False
201.jpeg,Energie/ Energy/ Energie/ Énergie/ Wartość energetyczna/ Energetická hodnota/ Energia/ Energia/ Valor energético/ Energia,hodnota/Energia/Energia/Valor energetico/Energia,118,118,kcal,kcal,per_serving (30 g (1 Scoop)),por 30go,True,True,False,False,False
201.jpeg,Eiwitten/ Protein/ Eiweiß/ Protéines/ Białko/ Bílkoviny/ Proteine/ Bielkoviny/ Proteínas/ Proteínas,Eiwitten/Protein/Eiweib/Protéines/Biatko/Bilkoviny/Proteine/Bielkoviny,23,23,g,g,per_serving (30 g (1 Scoop)),por 30go,True,True,False,False,False
201.jpeg,Zout/ Salt/ Salz/ Sel/ Sól/ Sůl/ Sale/ Sol/ Sal/ Sal,Zout/Salt/Salz/Sel/Sol/Sul/Sale/Sol/Sal/Sal,0.02,0.02,g,g,per_serving (30 g (1 Scoop)),por 30go,True,True,False,False,False
201.jpeg,- waarvan verzadigde vetzuren/ of which saturates/ davon gesättigte Fettsäuren/ dont acides gras saturés/ w tym kwasy tłuszczowe nasycone/ z toho nasycené mastné kyseliny/ di cui acidi grassi saturi/ z toho nasýtené mastné kyseliny/ de las cuales saturadas/ dos quais saturados,cuales saturadas/ dos quais saturados,4.2,392,g,kcal,per_100g,per_100g,False,False,True,False,False
201.jpeg,- waarvan verzadigde vetzuren/ of which saturates/ davon gesättigte Fettsäuren/ dont acides gras saturés/ w tym kwasy tłuszczowe nasycone/ z toho nasycené mastné kyseliny/ di cui acidi grassi saturi/ z toho nasýtené mastné kyseliny/ de las cuales saturadas/ dos quais saturados,cuales saturadas/ dos quais saturados,1.3,118,g,kcal,per_serving (30 g (1 Scoop)),por 30go,False,False,False,False,False
26.png,ENERGY,ENERGY,942,942,kJ,kj,per_100g,per_100g,True,True,True,True,True
26.png,FAT,FAT,0,0,g,g,per_100g,per_100g,True,True,True,True,True
26.png,CARBOHYDRATE,CARBOHYDRATE,56,7,g,g,per_100g,per_100g,False,True,True,False,False
26.png,PROTEIN,PROTEIN,3.5,0.11,g,g,per_100g,per_100g,False,True,True,False,False
26.png,ENERGY,ENERGY,225,255,kcal,kj,per_100g,per_100g,False,False,True,False,False
26.png,SALT,SALT,0.11,,g,,per_100g,per_100g,False,False,True,False,False
26.png,OF WHICH SATURATES,SATURATES,0,56,g,g,per_100g,per_100g,False,True,True,False,False
27.png,Calcium,Calcium,4000,4000,mg,mg,per_100g (100 g Pulver),per_100g,True,True,True,True,True
27.png,Magnesium,Magnesium,2000,2000,mg,mg,per_100g (100 g Pulver),per_100g,True,True,True,True,True
27.png,Chrom/Chromium,Chrom/Chromium,896,896,µg,µg,per_100g (100 g Pulver),per_100g,True,True,True,True,True
27.png,Zink/Zinc,Zink/Zinc,75,2000,mg,mg,per_100g (100 g Pulver),per_100g,False,True,True,False,False
27.png,Vitamin D,Vitamin D,37,251,µg,g,per_100g (100 g Pulver),per_100g,False,False,True,False,False
27.png,Eiweiß/Protein,EsemB/Protein,0.1,<0.1,g,g,per_100g (100 g Pulver),per_100g,True,True,True,False,False
27.png,Kohlenhydrate/Carbohydrate,Kublephydrate/Carbohydrate,49,49,g,g,per_100g (100 g Pulver),per_100g,True,True,True,False,False
27.png,Fett/Fat,Fert/Fat,0.5,<0.5,g,g,per_100g (100 g Pulver),per_100g,True,True,True,False,False
27.png,Mangan/Manganese,Mangen/Manganese,15,15,mg,mg,per_100g (100 g Pulver),per_100g,True,True,True,False,False
27.png,Kupfer/Copper,Kuples/Copper,10000,10000,µg,g,per_100g (100 g Pulver),per_100g,True,False,True,False,False
27.png,Selen/Selenium,Sefee/Selenium,251,251,µg,g,per_100g (100 g Pulver),per_100g,True,False,True,False,False
30.png,PROTEIN,PROTEIN (g,2.7,2.7,g,g,per_serving (Per Bar 55g),per_serving,True,True,True,True,True
30.png,SATURATED FAT,- SATURATED FAT (g,2.7,2.7,g,g,per_serving (Per Bar 55g),per_serving,True,True,True,True,True
30.png,PROTEIN,PROTEIN (g,4.8,4.8,g,g,per_100g,per_100g,True,True,True,True,True
30.png,SATURATED FAT,- SATURATED FAT (g,4.9,4.9,g,g,per_100g,per_100g,True,True,True,True,True
30.png,CARBOHYDRATE,carbohydrate,39,39,g,,per_serving (Per Bar 55g),per_serving,True,False,True,False,False
30.png,DIETARY FIBRE,dietary fibre,2.0,2.0,g,,per_serving (Per Bar 55g),per_serving,True,False,True,False,False
30.png,CARBOHYDRATE,carbohydrate,71,71,g,,per_100g,per_100g,True,False,True,False,False
30.png,DIETARY FIBRE,dietary fibre,3.6,3.6,g,,per_100g,per_100g,True,False,True,False,False
30.png,FAT,FAT: (g,5.0,5.0,g,g,per_serving (Per Bar 55g),per_serving,True,True,True,False,False
30.png,SUGARS,- SUGARS (g,19,19,g,g,per_serving (Per Bar 55g),per_serving,True,True,True,False,False
30.png,SODIUM,SODIUM (mg,70,70,mg,mg,per_serving (Per Bar 55g),per_serving,True,True,True,False,False
30.png,FAT,FAT: (g,9.1,9.1,g,g,per_100g,per_100g,True,True,True,False,False
30.png,SUGARS,- SUGARS (g,35,35,g,g,per_100g,per_100g,True,True,True,False,False
30.png,SODIUM,SODIUM (mg,130,130,mg,mg,per_100g,per_100g,True,True,True,False,False
33.png,Fett/fat,Fett/fat,0,0,g,g,per_100g,per_100g,True,True,True,True,True
33.png,Kohlenhydrate/carbohydrates,Kohlenhydrate/carbohydrates,97,97,g,g,per_100g,per_100g,True,True,True,True,True
33.png,Eiweiss/protein,Eiweiss/protein,0,0,g,g,per_100g,per_100g,True,True,True,True,True
33.png,Salz/salt,Salz/salt,0.53,0.53,g,g,per_100g,per_100g,True,True,True,True,True
33.png,Natrium/sodium,Natrium/sodium,210,210,mg,mg,per_100g,per_100g,True,True,True,True,True
33.png,Calcium,Calcium,35,35,mg,mg,per_100g,per_100g,True,True,True,True,True
33.png,Magnesium,Magnesium,25,25,mg,mg,per_100g,per_100g,True,True,True,True,True
33.png,Kalium/potassium,Kalium/potassium,55,55,mg,mg,per_100g,per_100g,True,True,True,True,True
33.png,Kohlenhydrate/carbohydrates,Kohlenhydrate/carbohydrates,73,73,g,g,per_serving (75 g (300 ml)),per_serving,True,True,True,True,True
33.png,Salz/salt,Salz/salt,0.40,0.40,g,g,per_serving (75 g (300 ml)),per_serving,True,True,True,True,True
33.png,Natrium/sodium,Natrium/sodium,158,158,mg,mg,per_serving (75 g (300 ml)),per_serving,True,True,True,True,True
33.png,Calcium,Calcium,26,26,mg,mg,per_serving (75 g (300 ml)),per_serving,True,True,True,True,True
33.png,Magnesium,Magnesium,19,19,mg,mg,per_serving (75 g (300 ml)),per_serving,True,True,True,True,True
33.png,Kalium/potassium,Kalium/potassium,41,41,mg,mg,per_serving (75 g (300 ml)),per_serving,True,True,True,True,True
33.png,Eiweiss/protein,Eiweiss/protein,0,0.53,g,g,per_serving (75 g (300 ml)),per_100g,False,True,False,False,False
33.png,davon gesättigte Fettsäuren/of which saturates,davon gesattigte Fettsauren,0,0,g,g,per_100g,per_100g,True,True,True,False,False
33.png,davon Zuckerarten/of which sugars,of which sugars,56,56,g,g,per_100g,per_100g,True,True,True,False,False
33.png,davon gesättigte Fettsäuren/of which saturates,of which saturates,0,0,g,g,per_serving (75 g (300 ml)),per_100g,True,True,False,False,False
33.png,davon Zuckerarten/of which sugars,of which sugars,42,42,g,g,per_serving (75 g (300 ml)),per_serving,True,True,True,False,False
34.png,Energy,Energy,1356,1356,kJ,kj,per_100g,per_100g,True,True,True,True,True
34.png,Fat,Fat,0,0,g,g,per_100g,per_100g,True,True,True,True,True
34.png,Carbohydrate,Carbohydrate,80,80,g,g,per_100g,per_100g,True,True,True,True,True
34.png,of which sugars,of which sugars,77,77,g,g,per_100g,per_100g,True,True,True,True,True
34.png,Fibre,Fibre,5,5,g,g,per_100g,per_100g,True,True,True,True,True
34.png,Protein,Protein,0,0,g,g,per_100g,per_100g,True,True,True,True,True
34.png,Salt,Salt,3.5,3.5,g,g,per_100g,per_100g,True,True,True,True,True
34.png,Calcium,Calcium,400,400,mg,mg,per_100g,per_100g,True,True,True,True,True
34.png,Potassium,Potassium,400,400,mg,mg,per_100g,per_100g,True,True,True,True,True
34.png,Magnesium,Magnesium,100,100,mg,mg,per_100g,per_100g,True,True,True,True,True
34.png,Zinc,Zinc,2.6,2.6,mg,mg,per_100g,per_100g,True,True,True,True,True
34.png,B3,B3,12,12,mg,mg,per_100g,per_100g,True,True,True,True,True
34.png,B6,B6,3.2,3.2,mg,mg,per_100g,per_100g,True,True,True,True,True
34.png,B5,B5,2.9,2.9,mg,mg,per_100g,per_100g,True,True,True,True,True
34.png,B1,B1,0.8,0.8,mg,mg,per_100g,per_100g,True,True,True,True,True
34.png,B2,B2,0.8,0.8,mg,mg,per_100g,per_100g,True,True,True,True,True
34.png,Folic acid,Folic acid,34,34,µg,ug,per_100g,per_100g,True,True,True,True,True
34.png,B12,B12,3.5,3.5,µg,ug,per_100g,per_100g,True,True,True,True,True
34.png,Energy,Energy,339,339,kJ,kj,per_serving (25g serving),per_serving,True,True,True,True,True
34.png,Energy,Energy,80,80,kcal,kcal,per_serving (25g serving),per_serving,True,True,True,True,True
34.png,Carbohydrate,Carbohydrate,20,20,g,g,per_serving (25g serving),per_serving,True,True,True,True,True
34.png,of which sugars,of which sugars,19,19,g,g,per_serving (25g serving),per_serving,True,True,True,True,True
34.png,Fibre,Fibre,1.2,1.2,g,g,per_serving (25g serving),per_serving,True,True,True,True,True
34.png,Salt,Salt,0.9,0.9,g,g,per_serving (25g serving),per_serving,True,True,True,True,True
34.png,Calcium,Calcium,100,100,mg,mg,per_serving (25g serving),per_serving,True,True,True,True,True
34.png,Magnesium,Magnesium,25,25,mg,mg,per_serving (25g serving),per_serving,True,True,True,True,True
34.png,Zinc,Zinc,0.7,0.7,mg,mg,per_serving (25g serving),per_serving,True,True,True,True,True
34.png,B3,B3,3.0,3.0,mg,mg,per_serving (25g serving),per_serving,True,True,True,True,True
34.png,B6,B6,0.8,0.8,mg,mg,per_serving (25g serving),per_serving,True,True,True,True,True
34.png,B5,B5,0.7,0.7,mg,mg,per_serving (25g serving),per_serving,True,True,True,True,True
34.png,B1,B1,0.2,0.2,mg,mg,per_serving (25g serving),per_serving,True,True,True,True,True
34.png,B2,B2,0.2,0.2,mg,mg,per_serving (25g serving),per_serving,True,True,True,True,True
34.png,Folic acid,Folic acid,8.4,8.4,µg,ug,per_serving (25g serving),per_serving,True,True,True,True,True
34.png,B12,B12,0.9,0.9,µg,ug,per_serving (25g serving),per_serving,True,True,True,True,True
34.png,Potassium,Potassium,100,100,mg,mg,per_serving (25g serving),per_100g,True,True,False,True,False
34.png,Fat,Fat,0,20,g,g,per_serving (25g serving),per_serving,False,True,True,False,False
34.png,Protein,Protein,0,0.9,g,g,per_serving (25g serving),per_serving,False,True,True,False,False
34.png,C,Zinc,72,100,mg,mg,per_100g,per_100g,False,True,True,False,False
34.png,C,Folic acid,18,0.2,mg,mg,per_serving (25g serving),per_serving,False,True,True,False,False
35.jpeg,Magnesium,Magnesium,4.7,4.7,g,g,per_100g,per_100g,True,True,True,True,True
35.jpeg,Vitamin C,Vitamin C,2.1,2.1,g,g,per_100g,per_100g,True,True,True,True,True
35.jpeg,Vitamin C,Vitamin C,100.8,100.8,mg,mg,per_serving (pro 3 Tabletten),per_daily_dose,True,True,False,True,False
35.jpeg,Magnesium,Magnesium,225,100.8,mg,mg,per_serving (pro 3 Tabletten),per_daily_dose,False,True,False,False,False
4.png,ENERGY,ENERGY,224,224,kcal,kcal,per_100g,per_100g,True,True,True,True,True
4.png,FAT,FAT,0,0,g,g,per_100g,per_100g,True,True,True,True,True
4.png,CARBOHYDRATE,carbohydrates,56,56,g,g,per_100g,per_100g,True,True,True,True,True
4.png,SALT,SALT,0.12,0.12,g,g,per_100g,per_100g,True,True,True,True,True
4.png,ENERGY,ENERGY,952,952,,kcal,per_100g,per_100g,True,False,True,False,False
4.png,PROTEIN,PROTEIN,0.1,0.12,g,g,per_100g,per_100g,False,True,True,False,False
4.png,OF WHICH SATURATES,saturates,0,0,g,g,per_100g,per_100g,True,True,True,False,False
41.png,ENERGY,ENERGY,612,612,kJ,kj,per_100g,per_100g,True,True,True,True,True
41.png,FAT,FAT,0,0,g,g,per_100g,per_100g,True,True,True,True,True
41.png,PROTEIN,PROTEIN,0,0,g,g,per_100g,per_100g,True,True,True,True,True
41.png,SALT,SALT,0.10,0.10,g,g,per_100g,per_100g,True,True,True,True,True
41.png,ENERGY,ENERGY,144,144,kcal,kj,per_100g,per_100g,True,False,True,False,False
41.png,CARBOHYDRATE,CARBOHYDRATE,36,16156,g,g,per_100g,per_100g,False,True,True,False,False
41.png,OF WHICH SATURATES,SATURATES,0,0,g,g,per_100g,per_100g,True,True,True,False,False
42.png,SATURATED FAT,- SATURATED FAT (g,0,0,g,g,per_100g,per_100g,True,True,True,True,True
42.png,SUGARS,SUGARS(g,38,38,g,g,per_100g,per_100g,True,True,True,True,True
42.png,PROTEIN,protein,0,0,g,,per_serving (PER SERVE 47g),per_serving,True,False,True,False,False
42.png,DIETARY FIBRE,dietary fibre,0,0,g,,per_serving (PER SERVE 47g),per_100g,True,False,False,False,False
42.png,PROTEIN,protein,0.1,0.1,g,,per_100g,per_100g,True,False,True,False,False
42.png,CARBOHYDRATE,carbohydrate,94,94,g,,per_100g,per_100g,True,False,True,False,False
42.png,FAT,FAT (g,0,0,g,g,per_serving (PER SERVE 47g),per_100g,True,True,False,False,False
42.png,SODIUM,SODIUM (mg,240,240,mg,mg,per_serving (PER SERVE 47g),per_serving,True,True,True,False,False
42.png,SODIUM,SODIUM (mg,500,500,mg,mg,per_100g,per_100g,True,True,True,False,False
45_1.png,PROTEIN,PROTEIN (g,0,0,g,g,per_serving (1 SERV. 47g),per_serving,True,True,True,True,True
45_1.png,SODIUM,SODIUM(mg,240,240,mg,mg,per_serving (1 SERV. 47g),per_serving,True,True,True,True,True
45_1.png,PROTEIN,PROTEIN (g,0.1,0.1,g,g,per_100g,per_100g,True,True,True,True,True
45_1.png,SATURATED FAT,SATURATED FAT(g,0,0,g,g,per_100g,per_100g,True,True,True,True,True
45_1.png,SODIUM,SODIUM(mg,500,500,mg,mg,per_100g,per_100g,True,True,True,True,True
45_1.png,DIETARY FIBRE,dietary fibre,0,0,g,,per_serving (1 SERV. 47g),per_serving,True,False,True,False,False
45_1.png,CARBOHYDRATE,carbohydrate,44,1410,g,,per_serving (1 SERV. 47g),per_serving,False,False,True,False,False
45_1.png,CARBOHYDRATE,carbohydrate,94,8,g,,per_100g,per_100g,False,False,True,False,False
45_1.png,FAT,FAT(g,0,0,g,g,per_serving (1 SERV. 47g),per_serving,True,True,True,False,False
45_1.png,SUGARS,-SUGARS(g,18,0.1,g,g,per_serving (1 SERV. 47g),per_100g,False,True,False,False,False
45_2.png,FAT,FAT,0,0,g,g,per_100g,per_100g,True,True,True,True,True
45_2.png,CARBOHYDRATE,CARBOHYDRATE,94,94,g,g,per_100g,per_100g,True,True,True,True,True
45_2.png,PROTEIN,PROTEIN,0.1,0.1,g,g,per_100g,per_100g,True,True,True,True,True
45_2.png,SALT,SALT,1.3,1.3,g,g,per_100g,per_100g,True,True,True,True,True
45_2.png,OF WHICH SATURATES,SATURATES,0,16,g,,per_100g,per_100g,False,False,True,False,False
51.png,Fat | Fett | Matières grasses | Vetten,Fat Fett Matieres grassesVetten,< 0.5,<0.5,g,g,per_100g,per_100g,True,True,True,False,False
51.png,- of which saturates | davon gesättigte Fettsäuren | dont acides gras saturés | waarvan verzadigde vetzuren,dont acides gras saturéswaarvan verzadigde vetzuren,< 0.5,<0.5,g,g,per_100g,per_100g,True,True,True,False,False
51.png,Carbohydrate | Kohlenhydrate | Glucides | Koolhydraten,CarbohydrateKohlenhydrateGlucidesKoolhydraten,84,84,g,g,per_100g,per_100g,True,True,True,False,False
51.png,- of which sugars | davon Zucker | dont sucres | waarvan suikers,-of which sugarsdavon Zuckerdont sucreswaarvan suikers,62,62,g,g,per_100g,per_100g,True,True,True,False,False
51.png,Protein | Eiweiß | Protéines | Eiwitten,ProteinEiweiBProtéinesElwitten,6.7,6.7,g,g,per_100g,per_100g,True,True,True,False,False
51.png,Carbohydrate | Kohlenhydrate | Glucides | Koolhydraten,CarbohydrateKohlenhydrateGlucidesKoolhydraten,50,50,g,g,per_serving (60 g),per_100g,True,True,False,False,False
51.png,- of which sugars | davon Zucker | dont sucres | waarvan suikers,-of which sugarsdavon Zuckerdont sucreswaarvan suikers,37,37,g,g,per_serving (60 g),per_100g,True,True,False,False,False
51.png,Salt | Salz | Sel | Zout,SaltSalzSelZout,0.13,6.7,g,g,per_100g,per_100g,False,True,True,False,False
51.png,Protein | Eiweiß | Protéines | Eiwitten,ProteinEiweiBProtéinesElwitten,4.0,37,g,g,per_serving (60 g),per_100g,False,True,False,False,False
51.png,Salt | Salz | Sel | Zout,SaltSalzSelZout,0.08,4.0,g,g,per_serving (60 g),per_100g,False,True,False,False,False
53.png,Fat | Fett | Matières grasses | Vetten,Fat |Fett |Matieres grasses |Vetten,< 0.5,<0.5,g,g,per_100g,per_100g,True,True,True,False,False
53.png,- of which saturates | davon gesättigte Fettsäuren | dont acides gras saturés | waarvan verzadigde vetzuren,- of which saturates I davon gesättigte Fettsäuren,< 0.5,<0.5,g,g,per_100g,per_100g,True,True,True,False,False
53.png,Carbohydrate | Kohlenhydrate | Glucides | Koolhydraten,CarbohydrateKohlenhydrateGlucidesKoolhydraten,84,84,g,g,per_100g,per_100g,True,True,True,False,False
53.png,- of which sugars | davon Zucker | dont sucres | waarvan suikers,- of which sugars I davon Zucker dont sucres I waarvan sukers,62,62,g,g,per_100g,per_100g,True,True,True,False,False
53.png,Protein | Eiweiß | Protéines | Eiwitten,ProteinEiweiBProteinesEiwitten,6.7,6.7,g,g,per_100g,per_100g,True,True,True,False,False
53.png,Salt | Salz | Sel | Zout,SaltSalzSelZout,0.13,0.13,g,g,per_100g,per_100g,True,True,True,False,False
53.png,Vitamin B6 | Vitamine B6,Vitamin B6Vitamine B6,0.35,0.35,mg,mg,per_100g,per_100g,True,True,True,False,False
53.png,- of which saturates | davon gesättigte Fettsäuren | dont acides gras saturés | waarvan verzadigde vetzuren,dont acides gras saturés waarvan verzadigde vetzuren,< 0.5,<0.5,g,g,per_serving (60 g),per_100g,True,True,False,False,False
53.png,Carbohydrate | Kohlenhydrate | Glucides | Koolhydraten,CarbohydrateKohlenhydrateGlucidesKoolhydraten,50,50,g,g,per_serving (60 g),per_100g,True,True,False,False,False
53.png,- of which sugars | davon Zucker | dont sucres | waarvan suikers,- of which sugars I davon Zucker dont sucres I waarvan sukers,37,37,g,g,per_serving (60 g),per_100g,True,True,False,False,False
53.png,Protein | Eiweiß | Protéines | Eiwitten,ProteinEiweiBProteinesEiwitten,4.0,4.0,g,g,per_serving (60 g),per_100g,True,True,False,False,False
53.png,Salt | Salz | Sel | Zout,SaltSalzSelZout,0.08,0.08,g,g,per_serving (60 g),per_100g,True,True,False,False,False
53.png,Vitamin B6 | Vitamine B6,Vitamin B6Vitamine B6,0.21,0.21,mg,mg,per_serving (60 g),per_100g,True,True,False,False,False
56.jpeg,Eiweiß ..... Protéines,Proteines,83,83,g,g,per_100g,per_100g,True,True,True,False,False
56.jpeg,Fett ........... Lipides,Fett,4.3,3.67,g,g,per_100g,per_100g,False,True,True,False,False
56.jpeg,Eiweiß ..... Protéines,Proteines,4.99,0.228,g,g,per_serving (pro Esslöffel (6 g)),per_100g,False,True,False,False,False
56.jpeg,Fett ........... Lipides,Fett,0.26,0.228,g,g,per_serving (pro Esslöffel (6 g)),per_100g,False,True,False,False,False
57.jpeg,Eiweiß ..... Protéines,proteines,83,83,g,g,per_100g,per_100g,True,True,True,False,False
57.jpeg,Eiweiß ..... Protéines,proteines,4.99,4.99,g,g,per_serving (pro Esslöffel (6 g)),per_100g,True,True,False,False,False
57.jpeg,Fett ........... Lipides,Fett,0.26,0.26,g,g,per_serving (pro Esslöffel (6 g)),per_100g,True,True,False,False,False
57.jpeg,Fett ........... Lipides,Fett,4.3,3.67,g,g,per_100g,per_100g,False,True,True,False,False
59.png,Kohlenhydrate/Carbohydrate,Kohlenhydrate/Carbohydrate,66.6,66.6,g,g,per_100g (100 g Pulver),per_100g,True,True,True,True,True
59.png,Fett/Fat,Fett/Fat,0.3,0.3,g,g,per_100g (100 g Pulver),per_100g,True,True,True,True,True
59.png,Kohlenhydrate/Carbohydrate,Kohlenhydrate/Carbohydrate,13.3,13.3,g,g,per_daily_dose (1 Portion = 20 g Pulver),per_daily_dose,True,True,True,True,True
59.png,Fett/Fat,Fett/Fat,<0.1,<0.1,g,g,per_daily_dose (1 Portion = 20 g Pulver),per_daily_dose,True,True,True,True,True
59.png,Vitamin C,Vitamin C,60,60,mg,mg,per_daily_dose (1 Portion = 20 g Pulver),per_daily_dose,True,True,True,True,True
59.png,Vitamin C,Vitamin C,300,150,mg,ug,per_100g (100 g Pulver),per_100g,False,False,True,False,False
59.png,Brennwert/Energy Value,Brennwert/EnergyValue,1391,1391,kJ,kj,per_100g (100 g Pulver),per_100g,True,True,True,False,False
59.png,Eiweiß/Protein,EiweiB/Protein,0.7,0.7,g,g,per_100g (100 g Pulver),per_100g,True,True,True,False,False
59.png,davon Zucker / of which Sugars,davonZucker/of which Sugars,64.4,64.4,g,g,per_100g (100 g Pulver),per_100g,True,True,True,False,False
59.png,davon gesättigte Fettsäuren/of which Saturates,davon gesáttigte Fettsáuren,<0.3,<0.3,g,g,per_100g (100 g Pulver),per_100g,True,True,True,False,False
59.png,Ballaststoffe / Fibre,Ballaststoffe/Fibre,25,25,g,g,per_100g (100 g Pulver),per_100g,True,True,True,False,False
59.png,Natrium / Sodium,Natrium/Sodium,<0.1,<0.1,g,g,per_100g (100 g Pulver),per_100g,True,True,True,False,False
59.png,Brennwert/Energy Value,Brennwert/EnergyValue,278,278,kJ,kj,per_daily_dose (1 Portion = 20 g Pulver),per_daily_dose,True,True,True,False,False
59.png,Eiweiß/Protein,EiweiB/Protein,0.14,0.14,g,g,per_daily_dose (1 Portion = 20 g Pulver),per_daily_dose,True,True,True,False,False
59.png,davon Zucker / of which Sugars,davonZucker/of which Sugars,12.9,12.9,g,g,per_daily_dose (1 Portion = 20 g Pulver),per_daily_dose,True,True,True,False,False
59.png,davon Fructose / of which Fructose,davon Fructose/of which Fructose 63.7g,12.7,12.7,g,g,per_daily_dose (1 Portion = 20 g Pulver),per_daily_dose,True,True,True,False,False
59.png,davon gesättigte Fettsäuren/of which Saturates,davon gesáttigte Fettsáuren,<0.1,<0.1,g,g,per_daily_dose (1 Portion = 20 g Pulver),per_daily_dose,True,True,True,False,False
59.png,Ballaststoffe / Fibre,Ballaststoffe/Fibre,5,5,g,g,per_daily_dose (1 Portion = 20 g Pulver),per_daily_dose,True,True,True,False,False
59.png,Natrium / Sodium,Natrium/Sodium,<0.02,<0.02,g,g,per_daily_dose (1 Portion = 20 g Pulver),per_daily_dose,True,True,True,False,False
59.png,Selen / Selenium,Selen/Selenium,30,30,µg,g,per_daily_dose (1 Portion = 20 g Pulver),per_daily_dose,True,False,True,False,False
59.png,davon Fructose / of which Fructose,davon Fructose/of which Fructose 63.7g,63.7,64.4,g,g,per_100g (100 g Pulver),per_100g,False,True,True,False,False
59.png,Selen / Selenium,Selen/Selenium,150,<0.1,µg,g,per_100g (100 g Pulver),per_100g,False,False,True,False,False
59.png,Vitamin A (aus/from Provitamin A),Vitamin A (aus/from Provitamin A,1667,,µg RE,,per_100g (100 g Pulver),per_100g,False,False,True,False,False
6.png,VITAMIN C,VITAMIN C,28,28,mg,mg,per_serving (4 g),per_serving,True,True,True,True,True
6.png,MAGNESIUM,Magnesium,56,56,mg,mg,per_serving (4 g),per_serving,True,True,True,True,True
6.png,POTASSIUM,POTASSIUM,70,70,mg,mg,per_serving (4 g),per_serving,True,True,True,True,True
6.png,CALCIUM,Calcium,9,9,mg,mg,per_serving (4 g),per_serving,True,True,True,True,True
6.png,SODIUM,SODIUM,200,200,mg,mg,per_serving (4 g),per_serving,True,True,True,True,True
61.png,Energy / Energie / Energia / Énergie / Energia / Energijska vrednost,Energy /Energie/Energia /Energie /Energia /Energijska vrednost,427,427,kJ,kj,per_serving (30 g),per_serving,True,True,True,False,False
61.png,Energy / Energie / Energia / Énergie / Energia / Energijska vrednost,Energy /Energie/Energia /Energie /Energia /Energijska vrednost,102,102,kcal,kcal,per_serving (30 g),per_serving,True,True,True,False,False
61.png,Fat / Fett / Grassi / Graisse / Grasas / Maščobe,Fat/Fett/Grassi/Graisse/Grasas/Mascobe,0,0,g,g,per_serving (30 g),per_serving,True,True,True,False,False
61.png,of which saturated / davon gesättigte / di cui saturi / dont saturés / de las cuales saturadas / od tega nasičene,of which saturated / davon gesättigte / di cul saturi / dont saturés/ de las cuales saturades/ od tega nasiene,0,0,g,g,per_serving (30 g),per_serving,True,True,True,False,False
61.png,Carbohydrates / Kohlenhydrate / Carboidrati / Glucides / Carbohidratos / Ogljikovi hidrati,Carbohydrates/ Kohlenhydrate/ Carboldratt/ Glucides/Carbohidratos/ Oglijkovi hidrati,25.3,25.3,g,g,per_serving (30 g),per_serving,True,True,True,False,False
61.png,of which sugars / davon Zucker / di cui zuccheri / dont sucres / de los cuales azúcares / od tega sladkorji,of which sugars / davon Zucker / di cul zuccheri / dont sucres / de los cuales azücares/ od tega sladkorji,14.6,14.6,g,g,per_serving (30 g),per_serving,True,True,True,False,False
61.png,Salt / Salz / Sale / Sel / Sal / Sol,Salt /Salz /Sale/Sel/Sal/Sol,0.52,0.52,g,g,per_serving (30 g),per_serving,True,True,True,False,False
61.png,Magnesium / Magnesium / Magnesio / Magnésium / Magnesio / Magnezij,Magnesium /Magnesium /Magnesio/Magnesium /Magnesio /Magnezij,75,75,mg,mg,per_serving (30 g),per_serving,True,True,True,False,False
61.png,Energy / Energie / Energia / Énergie / Energia / Energijska vrednost,Energy /Energie/Energia /Energie /Energia /Energijska vrednost,1424,1424,kJ,kj,per_100g,per_100g,True,True,True,False,False
61.png,Carbohydrates / Kohlenhydrate / Carboidrati / Glucides / Carbohidratos / Ogljikovi hidrati,Carbohydrates/ Kohlenhydrate/ Carboldratt/ Glucides/Carbohidratos/ Oglijkovi hidrati,84.4,84.4,g,g,per_100g,per_100g,True,True,True,False,False
61.png,of which sugars / davon Zucker / di cui zuccheri / dont sucres / de los cuales azúcares / od tega sladkorji,of which sugars / davon Zucker / di cul zuccheri / dont sucres / de los cuales azücares/ od tega sladkorji,48.7,48.7,g,g,per_100g,per_100g,True,True,True,False,False
61.png,Salt / Salz / Sale / Sel / Sal / Sol,Salt /Salz /Sale/Sel/Sal/Sol,1.73,1.73,g,g,per_100g,per_100g,True,True,True,False,False
61.png,Magnesium / Magnesium / Magnesio / Magnésium / Magnesio / Magnezij,Magnesium /Magnesium /Magnesio/Magnesium /Magnesio /Magnezij,250,250,mg,mg,per_100g,per_100g,True,True,True,False,False
63.png,Energy / Energie / Energia / Énergie / Energia / Energijska vrednost,Energy/Energie/Energia/Energia/Energia/Energijska vrednost,427,427,kJ,kj,per_serving (30 g),per_serving,True,True,True,False,False
63.png,Energy / Energie / Energia / Énergie / Energia / Energijska vrednost,Energy/Energie/Energia/Energia/Energia/Energijska vrednost,102,102,kcal,kcal,per_serving (30 g),per_serving,True,True,True,False,False
63.png,Fat / Fett / Grassi / Graisse / Grasas / Maščobe,Fat/Fett/Grassl/Gralsse/Grasas/Mascobe,0,0,g,g,per_serving (30 g),per_serving,True,True,True,False,False
63.png,of which saturated / davon gesättigte / di cui saturi / dont saturés / de las cuales saturadas / od tega nasičene,of which saturated / davon gesättigte / di cul saturi / dont saturés/ de las cuales saturades / od tega nasiene,0,0,g,g,per_serving (30 g),per_serving,True,True,True,False,False
63.png,Carbohydrates / Kohlenhydrate / Carboidrati / Glucides / Carbohidratos / Ogljikovi hidrati,Carbohydrates/Kohlenhydrate/Carboldrati/Glucides/Carbohidratos/Ogljikovl hidrati,25.3,25.3,g,g,per_serving (30 g),per_serving,True,True,True,False,False
63.png,of which sugars / davon Zucker / di cui zuccheri / dont sucres / de los cuales azúcares / od tega sladkorji,of which sugars/ davon Zucker / di cul zuccheri /dont sucres/ de los cuales azücares/od tega sladkorji,14.6,14.6,g,g,per_serving (30 g),per_serving,True,True,True,False,False
63.png,Salt / Salz / Sale / Sel / Sal / Sol,Salt/Salz/Sale/Sal/Sal/Sol,0.52,0.52,g,g,per_serving (30 g),per_serving,True,True,True,False,False
63.png,Magnesium / Magnesium / Magnesio / Magnésium / Magnesio / Magnezij,Magnesium/Magnesium/Magnesio/Magnesium/Magnesio/Magnezij,75,75,mg,mg,per_serving (30 g),per_serving,True,True,True,False,False
63.png,Potassium / Kalium / Potassio / Potassium / Potasio / Kalij,Potassium/Kallum/Potassio/Potassium/Potasio/Kalli,100,100,mg,mg,per_serving (30 g),per_serving,True,True,True,False,False
63.png,Energy / Energie / Energia / Énergie / Energia / Energijska vrednost,Energy/Energie/Energia/Energia/Energia/Energijska vrednost,1424,1424,kJ,kj,per_100g,per_100g,True,True,True,False,False
63.png,Carbohydrates / Kohlenhydrate / Carboidrati / Glucides / Carbohidratos / Ogljikovi hidrati,Carbohydrates/Kohlenhydrate/Carboldrati/Glucides/Carbohidratos/Ogljikovl hidrati,84.4,84.4,g,g,per_100g,per_100g,True,True,True,False,False
63.png,of which sugars / davon Zucker / di cui zuccheri / dont sucres / de los cuales azúcares / od tega sladkorji,of which sugars/ davon Zucker / di cul zuccheri /dont sucres/ de los cuales azücares/od tega sladkorji,48.7,48.7,g,g,per_100g,per_100g,True,True,True,False,False
63.png,Salt / Salz / Sale / Sel / Sal / Sol,Salt/Salz/Sale/Sal/Sal/Sol,1.73,1.73,g,g,per_100g,per_100g,True,True,True,False,False
63.png,Magnesium / Magnesium / Magnesio / Magnésium / Magnesio / Magnezij,Magnesium/Magnesium/Magnesio/Magnesium/Magnesio/Magnezij,250,250,mg,mg,per_100g,per_100g,True,True,True,False,False
63.png,Potassium / Kalium / Potassio / Potassium / Potasio / Kalij,Potassium/Kallum/Potassio/Potassium/Potasio/Kalli,333.3,50,mg,mg,per_100g,per_serving,False,True,False,False,False
64.png,Vitamin(e) C,Vitamin(e) C,50,50,mg,mg,per_daily_dose (1 Ampulle/flask + 2 Caps.),per_daily_dose,True,True,True,True,True
64.png,Vitamin(e) B2,Vitamin(e) B2,0.6,0.6,mg,mg,per_daily_dose (1 Ampulle/flask + 2 Caps.),per_daily_dose,True,True,True,True,True
64.png,Niacin(e),niacin,7.0,7.0,mg,mg,per_daily_dose (1 Ampulle/flask + 2 Caps.),per_daily_dose,True,True,True,True,True
64.png,Vitamin(e) B6,Vitamin(e) B6,0.6,0.6,mg,mg,per_daily_dose (1 Ampulle/flask + 2 Caps.),per_daily_dose,True,True,True,True,True
64.png,Pantothensäure/pantothenic acid,Pantothensaure/pantothenic acid,2.5,2.5,mg,mg,per_daily_dose (1 Ampulle/flask + 2 Caps.),per_daily_dose,True,True,True,True,True
64.png,Zink/zinc,Zink/zinc,3.0,3.0,mg,mg,per_daily_dose (1 Ampulle/flask + 2 Caps.),per_daily_dose,True,True,True,True,True
64.png,Folsäure/folic acid,Folsaure/folic acid,80,80,µg,g,per_daily_dose (1 Ampulle/flask + 2 Caps.),per_daily_dose,True,False,True,False,False
64.png,Vitamin(e) B12,Vitamin(e) B12,2.0,2.0,µg,g,per_daily_dose (1 Ampulle/flask + 2 Caps.),per_daily_dose,True,False,True,False,False
68.jpeg,Fat / Fett / Matières grasses / Vetten / Grasas / Lipidos / Grassi,ssturados/d cul acidigrassisaturi/varav mattat fett,0.6,05,g,g,per_100g,per_100g,False,True,True,False,False
68.jpeg,of which saturates / davon gesättigte Fettsäuren / dont acides gras saturés / waarvan verzadigde vetzuren / de las cuales saturadas / dos quais ácidos gordos saturados / di cui acidi grassi saturi / varav mättat fett,wnan verzadde vetzuren/de las cuales saturadas/dos quais acidos gordos,0.5,05,g,g,per_100g,per_100g,False,True,True,False,False
68.jpeg,Protein(e) / Eiweiß / Protéines / Eiwitten / Proteínas,Prter(e/Ehws8/Proteines/Eiwtten/Proteinas,84,64,g,g,per_100g,per_100g,False,True,True,False,False
68.jpeg,Fat / Fett / Matières grasses / Vetten / Grasas / Lipidos / Grassi,ssturados/d cul acidigrassisaturi/varav mattat fett,0.1,529,g,g,per_serving (24 g),per_100g,False,True,False,False,False
68.jpeg,Protein(e) / Eiweiß / Protéines / Eiwitten / Proteínas,Prter(e/Ehws8/Proteines/Eiwtten/Proteinas,20,219,g,g,per_serving (24 g),per_100g,False,True,False,False,False
68.jpeg,of which saturates / davon gesättigte Fettsäuren / dont acides gras saturés / waarvan verzadigde vetzuren / de las cuales saturadas / dos quais ácidos gordos saturados / di cui acidi grassi saturi / varav mättat fett,Fa/fe/Maeresgrases/Vetten/Grasas/Upidos/Grassi,0.1,1578,g,,per_serving (24 g),per_100g,False,False,False,False,False
78.jpeg,Vitamin D,rnit Vitamin D3,50,,µg,,per_serving (pro Kapsel),per_serving,False,False,True,False,False
8.png,PROTEIN,protein,2.2,2.2,g,,per_serving (Per Bar 60g),per_serving,True,False,True,False,False
8.png,PROTEIN,protein,3.7,3.7,g,,per_100g,per_100g,True,False,True,False,False
8.png,CARBOHYDRATE,carbohydrate,41,7.9,g,,per_serving (Per Bar 60g),per_100g,False,False,False,False,False
8.png,DIETARY FIBRE,dietary fibre,1.9,2823232,g,,per_serving (Per Bar 60g),per_100g,False,False,False,False,False
8.png,FAT,FAT: (g,4.8,4.8,g,g,per_serving (Per Bar 60g),per_serving,True,True,True,False,False
8.png,FAT,FAT: (g,7.9,7.9,g,g,per_100g,per_100g,True,True,True,False,False
8.png,SATURATED FAT,- SATURATED FAT (g,3.4,4.8,g,g,per_serving (Per Bar 60g),per_serving,False,True,True,False,False
8.png,SUGARS,-SUGARS (g,21,21271,g,g,per_serving (Per Bar 60g),per_serving,False,True,True,False,False
8.png,SUGARS,-SUGARS (g,35,2823232,g,g,per_100g,per_100g,False,True,True,False,False
8.png,SODIUM,SODIUM (mg,43,,mg,,per_serving (Per Bar 60g),per_serving,False,False,True,False,False
82.jpeg,Protein,Protein,0,60,g,,per_100g,per_serving,False,False,False,False,False
82.jpeg,Carbohydrates,Carbohydrates,0,60,g,,per_100g,per_100g,False,False,True,False,False
82.jpeg,Fat,Fat,0,60,g,,per_100g,per_100g,False,False,True,False,False
82.jpeg,Creatine monohydrate,Creatine,3,3,g,g,per_serving (3 g/1 level teaspoon),per_serving,True,True,True,False,False
82.jpeg,Creatine monohydrate,monohydrate,100,3,g,g,per_100g,per_serving,False,True,False,False,False
88.png,Eiweiss/protein(e)/protéines,Eiweiss/protein(e)/protéines,8.0,8.0,g,g,per_100ml,per_100ml,True,True,True,True,True
88.png,Fett/lipides/fat/grassi,Fett/lipides/fat/grassi,2.3,2.3,g,g,per_serving (330 ML),per_serving,True,True,True,True,True
88.png,Eiweiss/protein(e)/protéines,Eiweiss/protein(e)/protéines,26,26,g,g,per_serving (330 ML),per_serving,True,True,True,True,True
88.png,Fett/lipides/fat/grassi,Fett/lipides/fat/grassi,0.7,0.5,g,g,per_100ml,per_100ml,False,True,True,False,False
88.png,davon gesättigte Fettsäuren/of which saturated fatty acids,davon gesattigte Fettsauren,0.5,0.5,g,g,per_100ml,per_100ml,True,True,True,False,False
88.png,davon gesättigte Fettsäuren/of which saturated fatty acids,Fett/lipides/fat/grassi,1.6,1.6,g,g,per_serving (330 ML),per_serving,True,True,True,False,False
88.png,Kohlenhydrate/glucides/carbohydrates/carboidrati,Kohlenhydrate/glucides,13,13,g,g,per_serving (330 ML),per_serving,True,True,True,False,False
88.png,Salz/sel/salt/sale,Salt/sel/salt/sale,0.33,0.33,g,g,per_serving (330 ML),per_serving,True,True,True,False,False
88.png,Kohlenhydrate/glucides/carbohydrates/carboidrati,carbohydrates/carboidrati,4.1,3.5,g,g,per_100ml,per_100ml,False,True,True,False,False
9.jpeg,Zink,Zink,5,5,mg,mg,per_serving (pro 1 Tablette),per_daily_dose,True,True,False,True,False
9.jpeg,Vitamin C,Vitamin C,30,30,mg,mg,per_serving (pro 1 Tablette),per_daily_dose,True,True,False,True,False
9.jpeg,Vitamin C,Vitamin C,60,60,mg,mg,per_daily_dose (pro 2 Tabletten),per_serving,True,True,False,True,False
9.jpeg,Zink,Zink,10,30,mg,mg,per_daily_dose (pro 2 Tabletten),per_daily_dose,False,True,True,False,False
90.png,Fett/lipides/fat,Fett/lipides/fat,< 0.1,<0.1,g,g,per_100ml,per_100ml,True,True,True,True,True
90.png,Kohlenhydrate/glucides/carbohydrates,Kohlenhydrate/glucides/carbohydrates,10,10,g,g,per_100ml,per_100ml,True,True,True,True,True
90.png,davon Zuckerarten/of which sugars,davon Zuckerarten/of which sugars,10,10,g,g,per_100ml,per_100ml,True,True,True,True,True
90.png,Eiweiss/protéines/protein,Eiweiss/proteines/protein,< 0.1,<0.1,g,g,per_100ml,per_100ml,True,True,True,True,True
90.png,Salz/sel/salt,Salz/sel/salt,0.16,0.16,g,g,per_100ml,per_100ml,True,True,True,True,True
90.png,Fett/lipides/fat,Fett/lipides/fat,0,0,g,g,per_daily_dose (2 Shots (60 ml)),per_daily_dose,True,True,True,True,True
90.png,Kohlenhydrate/glucides/carbohydrates,Kohlenhydrate/glucides/carbohydrates,6.0,6.0,g,g,per_daily_dose (2 Shots (60 ml)),per_daily_dose,True,True,True,True,True
90.png,davon Zuckerarten/of which sugars,davon Zuckerarten/of which sugars,6.0,6.0,g,g,per_daily_dose (2 Shots (60 ml)),per_daily_dose,True,True,True,True,True
90.png,Salz/sel/salt,Salz/sel/salt,0.10,<0.1,g,g,per_daily_dose (2 Shots (60 ml)),per_100ml,True,True,False,True,False
90.png,Eiweiss/protéines/protein,Eiweiss/proteines/protein,< 0.1,6.0,g,g,per_daily_dose (2 Shots (60 ml)),per_daily_dose,False,True,True,False,False
90.png,Magnesium/magnésium,Magnesium/magnesium,56,0.16,mg,g,per_daily_dose (2 Shots (60 ml)),per_100ml,False,False,False,False,False
90.png,davon gesättigte Fettsäuren/of which saturated fatty acids,davon gesattigte Fettsauren,< 0.1,<0.1,g,g,per_100ml,per_100ml,True,True,True,False,False
90.png,davon gesättigte Fettsäuren/of which saturated fatty acids,davon gesattigte Fettsauren,0,0,g,g,per_daily_dose (2 Shots (60 ml)),per_daily_dose,True,True,True,False,False
91.png,Fett/lipides/fat/grassi,Fett/lipides/fat/grassi,0.7,0.7,g,g,per_100ml,per_100ml,True,True,True,True,True
91.png,davon Zuckerarten/of which sugars,davon Zuckerarten/of which sugars,8.5,8.5,g,g,per_100ml,per_100ml,True,True,True,True,True
91.png,Eiweiss/protein(e)/protéines,Eiweiss/protein(e)/protéines,8.0,8.0,g,g,per_100ml,per_100ml,True,True,True,True,True
91.png,Salz/sel/salt/sale**,Salz/sel/salt/sale,0.10,0.10,g,g,per_100ml,per_100ml,True,True,True,True,True
91.png,Fett/lipides/fat/grassi,Fett/lipides/fat/grassi,2.3,2.3,g,g,per_serving (PER DRINK (330 ML)),per_serving,True,True,True,True,True
91.png,davon Zuckerarten/of which sugars,davon Zuckerarten/of which sugars,11,11,g,g,per_serving (PER DRINK (330 ML)),per_serving,True,True,True,True,True
91.png,Eiweiss/protein(e)/protéines,Eiweiss/protein(e)/protéines,26,26,g,g,per_serving (PER DRINK (330 ML)),per_serving,True,True,True,True,True
91.png,Salz/sel/salt/sale**,Salz/sel/salt/sale,0.33,0.33,g,g,per_serving (PER DRINK (330 ML)),per_serving,True,True,True,True,True
91.png,davon gesättigte Fettsäuren/of which saturated fatty acids,davon gesattigte Fettsauren,0.5,0.5,g,g,per_100ml,per_100ml,True,True,True,False,False
91.png,Kohlenhydrate/glucides/carbohydrates/carboidrati,Kohlenhydrate/glucides,4.1,4.1,g,g,per_100ml,per_100ml,True,True,True,False,False
91.png,davon gesättigte Fettsäuren/of which saturated fatty acids,Fett/lipides/fat/grassi,1.6,1.6,g,g,per_serving (PER DRINK (330 ML)),per_serving,True,True,True,False,False
91.png,Kohlenhydrate/glucides/carbohydrates/carboidrati,Kohlenhydrate/glucides,13,13,g,g,per_serving (PER DRINK (330 ML)),per_serving,True,True,True,False,False
